             bytes_out                                                              
                 count        mean          std   min    25%    50%     75%      max
type                                                                                
amazonEcho      9432.0  382.636238   725.631928  28.0   46.0   48.0   517.0   4858.0
babyMonitor    10113.0  436.847721   656.605584  37.0   37.0   44.0   393.0   3073.0
belkinMotion   11014.0  330.210459   736.863941  16.0  183.0  186.0   193.0  18139.0
blipcareBP         6.0  684.333333   646.762295  72.0  237.5  701.0   701.0   1848.0
laptop         26220.0  912.061747  1473.093851   1.0  174.0  621.0  1312.0  41512.0
lifxlighbulb    2095.0   39.377566    50.145425  30.0   30.0   30.0    48.0   1096.0
netatmo         5729.0  396.421365   749.044740  32.0   48.0   48.0   417.0  10973.0
sleepSensor     6817.0  387.692093  1191.211176  35.0   38.0  183.0   282.0  16749.0
tribySpeaker     328.0  416.103659   799.818306   4.0   39.0   48.0   517.0   3211.0
              packets                                                            
                count        mean         std   min    25%    50%     75%     max
type                                                                             
amazonEcho     9432.0  189.097646  207.728290  16.0   46.0   48.0  517.00   517.0
babyMonitor   10113.0  151.763473  129.832686   1.0   37.0   37.0  221.00   548.0
belkinMotion  11014.0  193.620211   26.444009   8.0  183.0  186.0  193.00   548.0
blipcareBP        6.0   60.666667  121.800930   5.0    5.0    5.0   28.25   308.0
laptop        26220.0  454.003699  427.824262   1.0  154.0  312.0  656.00  1460.0
lifxlighbulb   2095.0   35.603341   17.967329  30.0   30.0   30.0   48.00   548.0
netatmo        5729.0  166.750916  140.099942   1.0   48.0   48.0  291.00  1444.0
sleepSensor    6817.0  164.453279  164.933297  35.0   38.0  183.0  222.00  1173.0
tribySpeaker    328.0  191.140244  224.132562   4.0   33.0   48.0  517.00   819.0
              average                                                            
                count        mean         std   min    25%    50%     75%     max
type                                                                             
amazonEcho     9432.0  189.042197  207.470567  32.0   46.0   48.0  517.00   517.0
babyMonitor   10113.0  151.662612  122.199100   1.0   37.0   40.0  260.00   395.0
belkinMotion  11014.0  193.586163   25.476959  29.0  183.0  186.0  193.00   374.0
blipcareBP        6.0   60.666667   86.238429   5.0    5.0    5.0  130.25   172.0
laptop        26220.0  453.889016  382.545398   1.0  184.0  314.0  656.00  1460.0
lifxlighbulb   2095.0   35.586635   14.038765  24.0   30.0   30.0   48.00   298.0
netatmo        5729.0  166.704835  135.968450  28.0   48.0   48.0  291.00   867.0
sleepSensor    6817.0  164.304093  149.920562  35.0   38.0  190.0  252.00   957.0
tribySpeaker    328.0  191.024390  214.513316  31.0   35.0   48.0  318.25   819.0
                  min                                                         
                count        mean         std   min   25%    50%    75%    max
type                                                                          
amazonEcho     9432.0   93.614292  103.837270   8.0  23.0   24.0  258.0  258.0
babyMonitor   10113.0   63.678434   50.470622   0.0  18.0   18.0   99.0  197.0
belkinMotion  11014.0   95.407118   13.330963   4.0  91.0   93.0   96.0  156.0
blipcareBP        6.0    7.333333    8.262364   2.0   2.0    2.0   14.0   18.0
laptop        26220.0  182.015942  184.233797   0.0  51.0  103.0  258.0  730.0
lifxlighbulb   2095.0   17.505489    4.073213  15.0  15.0   15.0   24.0   27.0
netatmo        5729.0   80.391691   62.964077   0.0  24.0   24.0  145.0  248.0
sleepSensor    6817.0   67.651313   57.637721  17.0  19.0   91.0   99.0  429.0
tribySpeaker    328.0   85.969512  107.564612   2.0  15.0   24.0  151.0  409.0
                  max                                                         
                count        mean         std   min   25%    50%    75%    max
type                                                                          
amazonEcho     9432.0   95.073791  103.494774  16.0  23.0   24.0  258.0  258.0
babyMonitor   10113.0   87.207752   74.976095   0.0  18.0   22.0  160.0  274.0
belkinMotion  11014.0   97.595606   13.122397  16.0  91.0   93.0   96.0  274.0
blipcareBP        6.0   52.666667   78.492462   2.0   2.0    2.0  116.0  154.0
laptop        26220.0  271.658581  231.557644   0.0  97.0  197.0  328.0  730.0
lifxlighbulb   2095.0   18.091647   12.024895  15.0  15.0   15.0   24.0  274.0
netatmo        5729.0   85.851981   76.036874  16.0  24.0   24.0  145.0  722.0
sleepSensor    6817.0   96.567552   99.169538  17.0  19.0   99.0  142.0  586.0
tribySpeaker    328.0  104.560976  115.458940  15.0  20.0   24.0  258.0  409.0
                 vari                                                             
                count          mean           std  min  25%  50%     75%       max
type                                                                              
amazonEcho     9432.0     60.637829   1100.947170  0.0  0.0  0.0     0.0   29524.0
babyMonitor   10113.0    950.543063   1858.154459  0.0  0.0  0.0  1012.0   37401.0
belkinMotion  11014.0     25.469947    250.640916  0.0  0.0  0.0     0.0   15051.0
blipcareBP        6.0   3082.666667   4775.646665  0.0  0.0  0.0  6936.0    9248.0
laptop        26220.0  18345.393364  44549.450756  0.0  0.0  2.0  3362.0  266085.0
lifxlighbulb   2095.0     62.805728   1415.472141  0.0  0.0  0.0     0.0   33540.0
netatmo        5729.0    573.725956   5687.705774  0.0  0.0  0.0     0.0  166176.0
sleepSensor    6817.0   2350.083321   9123.962093  0.0  0.0  0.0   450.0  118584.0
tribySpeaker    328.0   2107.646341   9135.442443  0.0  0.0  0.0     8.0   63903.0
