               packets                                                               
                 count         mean         std   min     25%     50%     75%     max
type                                                                                 
amazonEcho    132824.0   169.811977  172.695079  31.0   149.0   149.0   159.0  1460.0
babyMonitor     2113.0  1440.171794  104.186006   1.0  1448.0  1448.0  1448.0  1448.0
belkinMotion    4042.0   357.515586  398.930219  37.0   193.0   193.0   308.0  1460.0
blipcareBP        52.0    53.923077   84.467849   5.0     5.0     5.0    73.0   321.0
laptop         69688.0   744.392808  670.350577   1.0     1.0   656.0  1460.0  1460.0
lifxlighbulb   15373.0    59.568854   16.961112  36.0    40.0    69.0    69.0   117.0
netatmo        89137.0  1443.825022   14.306297  31.0  1444.0  1444.0  1444.0  1444.0
sleepSensor    84729.0   190.741930  199.242978   7.0   159.0   159.0   159.0  1448.0
tribySpeaker   11875.0    10.276379   64.661148   4.0     4.0     4.0     4.0  1448.0


               average                                                                
                 count         mean         std    min     25%     50%     75%     max
type                                                                                  
amazonEcho    132824.0   169.811314  170.961905   31.0   154.0   154.0   154.0  1460.0
babyMonitor     2113.0  1439.825840   75.125110  724.0  1448.0  1448.0  1448.0  1448.0
belkinMotion    4042.0   357.456210  360.407178  110.0   193.0   193.0   308.0  1460.0
blipcareBP        52.0    53.615385   48.561323    5.0    26.0    39.0    50.0   163.0
laptop         69688.0   744.320773  646.743153    1.0    39.0   656.0  1460.0  1460.0
lifxlighbulb   15373.0    59.442529   12.506055   34.0    45.0    63.0    69.0    92.0
netatmo        89137.0  1443.816821   11.099758  291.0  1444.0  1444.0  1444.0  1444.0
sleepSensor    84729.0   190.736171  189.623003   79.0   159.0   159.0   159.0  1448.0
tribySpeaker   11875.0    10.270989   55.136059    2.0     4.0     4.0     4.0  1056.0


                   min                                                          
                 count        mean         std   min    25%    50%    75%    max
type                                                                            
amazonEcho    132824.0   79.377582   86.838583  15.0   74.0   74.0   74.0  730.0
babyMonitor     2113.0  716.168481   73.492037   0.0  724.0  724.0  724.0  724.0
belkinMotion    4042.0  151.560119  161.385973  18.0   96.0   96.0  154.0  730.0
blipcareBP        52.0    2.000000    0.000000   2.0    2.0    2.0    2.0    2.0
laptop         69688.0  339.108197  343.877241   0.0    0.0  250.0  730.0  730.0
lifxlighbulb   15373.0   25.739413    7.013769  18.0   19.0   20.0   34.0   46.0
netatmo        89137.0  721.837845    9.747053  15.0  722.0  722.0  722.0  722.0
sleepSensor    84729.0   91.937153   90.297324   3.0   79.0   79.0   79.0  724.0
tribySpeaker   11875.0    3.410695   19.402929   2.0    2.0    2.0    2.0  361.0


                   max                                                           
                 count        mean         std    min    25%    50%    75%    max
type                                                                             
amazonEcho    132824.0   89.452945   85.686338   15.0   79.0   79.0   79.0  730.0
babyMonitor     2113.0  724.000000    0.000000  724.0  724.0  724.0  724.0  724.0
belkinMotion    4042.0  205.300346  228.449210   74.0   96.0   96.0  154.0  730.0
blipcareBP        52.0   51.230769   48.335679    2.0   24.0   36.0   48.0  160.0
laptop         69688.0  404.891660  323.343503    0.0   33.0  328.0  730.0  730.0
lifxlighbulb   15373.0   33.478696    7.845321   18.0   25.0   34.0   44.0   58.0
netatmo        89137.0  721.987054    2.733124  145.0  722.0  722.0  722.0  722.0
sleepSensor    84729.0   97.830554  108.206813   56.0   79.0   79.0   79.0  724.0
tribySpeaker   11875.0    6.857432   41.276037    2.0    2.0    2.0    2.0  724.0


                  vari                                                                 
                 count          mean           std  min    25%    50%     75%       max
type                                                                                   
amazonEcho    132824.0    297.157803   5402.676218  0.0   12.0   12.0    12.0  255255.0
babyMonitor     2113.0   2727.716044  25911.148999  0.0    0.0    0.0     0.0  261726.0
belkinMotion    4042.0  14629.838694  47244.474482  0.0    0.0    0.0    12.0  232562.0
blipcareBP        52.0   2347.692308   4374.270214  0.0  231.0  578.0  1035.0   12482.0
laptop         69688.0  15570.541758  50710.586749  0.0    0.0    0.0     0.0  266085.0
lifxlighbulb   15373.0     64.465622    103.759919  0.0    0.0   18.0    45.0     820.0
netatmo        89137.0     43.717469   3021.828648  0.0    0.0    0.0     0.0  249571.0
sleepSensor    84729.0   1867.747454  19562.835172  0.0    0.0    0.0     0.0  207690.0
tribySpeaker   11875.0    568.795116   6885.181755  0.0    0.0    0.0     0.0  259920.0


