0.459591 0.877385 0.876715 0.876956 0.817596 0.869378 0.410604
0.459591 0.877385 0.876715 0.876956 0.817596 0.869378 0.410604
0.459591 0.877385 0.876715 0.876956 0.817596 0.869378 0.410604
0.459591 0.877385 0.876715 0.876956 0.817596 0.869378 0.410604
0.459591 0.877385 0.876715 0.876956 0.817596 0.869378 0.410604
0.459591 0.877385 0.876715 0.876956 0.817596 0.869378 0.410604
0.459591 0.877385 0.876715 0.876956 0.817596 0.869378 0.410604
0.459591 0.877385 0.876715 0.876956 0.817596 0.869378 0.410604
0.459591 0.877097 0.876756 0.876956 0.817596 0.869378 0.410604
0.459591 0.877097 0.876756 0.876956 0.817596 0.869378 0.410604
0.459591 0.877097 0.876756 0.876956 0.817596 0.869378 0.410604
0.459591 0.877097 0.876756 0.876956 0.817596 0.869378 0.410604
0.459591 0.877097 0.876756 0.876956 0.817596 0.869378 0.410604
0.459591 0.877097 0.876756 0.876956 0.817596 0.869378 0.410604
0.459591 0.877097 0.876756 0.876956 0.817596 0.869378 0.410604
0.459591 0.877097 0.876756 0.876956 0.817596 0.869378 0.410604
0.459591 0.877361 0.876832 0.876956 0.817596 0.869378 0.410604
0.459591 0.877361 0.876832 0.876956 0.817596 0.869378 0.410604
0.459591 0.877361 0.876832 0.876956 0.817596 0.869378 0.410604
0.459591 0.877361 0.876832 0.876956 0.817596 0.869378 0.410604
0.459591 0.877361 0.876832 0.876956 0.817596 0.869378 0.410604
0.459591 0.877361 0.876832 0.876956 0.817596 0.869378 0.410604
0.459591 0.877361 0.876832 0.876956 0.817596 0.869378 0.410604
0.459591 0.877361 0.876832 0.876956 0.817596 0.869378 0.410604
0.459591 0.877151 0.876895 0.876956 0.817596 0.869378 0.410604
0.459591 0.877151 0.876895 0.876956 0.817596 0.869378 0.410604
0.459591 0.877151 0.876895 0.876956 0.817596 0.869378 0.410604
0.459591 0.877151 0.876895 0.876956 0.817596 0.869378 0.410604
0.459591 0.877151 0.876895 0.876956 0.817596 0.869378 0.410604
0.459591 0.877151 0.876895 0.876956 0.817596 0.869378 0.410604
0.459591 0.877151 0.876895 0.876956 0.817596 0.869378 0.410604
0.459591 0.877151 0.876895 0.876956 0.817596 0.869378 0.410604
0.459591 0.877353 0.876798 0.876956 0.817596 0.869378 0.410604
0.459591 0.877221 0.876840 0.876956 0.817596 0.869378 0.410604
0.459591 0.877221 0.876840 0.876956 0.817596 0.869378 0.410604
0.459591 0.877221 0.876840 0.876956 0.817596 0.869378 0.410604
0.459591 0.877221 0.876840 0.876956 0.817596 0.869378 0.410604
0.459591 0.877221 0.876840 0.876956 0.817596 0.869378 0.410604
0.459591 0.877221 0.876840 0.876956 0.817596 0.869378 0.410604
0.459591 0.877221 0.876840 0.876956 0.817596 0.869378 0.410604
0.459591 0.877221 0.876840 0.876956 0.817596 0.869378 0.410604
0.459591 0.877276 0.876793 0.876956 0.817596 0.869378 0.410604
0.459591 0.877276 0.876793 0.876956 0.817596 0.869378 0.410604
0.459591 0.877276 0.876793 0.876956 0.817596 0.869378 0.410604
0.459591 0.877276 0.876793 0.876956 0.817596 0.869378 0.410604
0.459591 0.877276 0.876793 0.876956 0.817596 0.869378 0.410604
0.459591 0.877276 0.876793 0.876956 0.817596 0.869378 0.410604
0.459591 0.877276 0.876793 0.876956 0.817596 0.869378 0.410604
0.459591 0.877276 0.876793 0.876956 0.817596 0.869378 0.410604
0.459591 0.877257 0.876940 0.876956 0.817596 0.869378 0.410604
