45.9591 87.7385 87.6715 87.6956 81.7596 86.9378 41.0604
45.9591 87.7385 87.6715 87.6956 81.7596 86.9378 41.0604
45.9591 87.7385 87.6715 87.6956 81.7596 86.9378 41.0604
45.9591 87.7385 87.6715 87.6956 81.7596 86.9378 41.0604
45.9591 87.7385 87.6715 87.6956 81.7596 86.9378 41.0604
45.9591 87.7385 87.6715 87.6956 81.7596 86.9378 41.0604
45.9591 87.7385 87.6715 87.6956 81.7596 86.9378 41.0604
45.9591 87.7385 87.6715 87.6956 81.7596 86.9378 41.0604
45.9591 87.7097 87.6756 87.6956 81.7596 86.9378 41.0604
45.9591 87.7097 87.6756 87.6956 81.7596 86.9378 41.0604
45.9591 87.7097 87.6756 87.6956 81.7596 86.9378 41.0604
45.9591 87.7097 87.6756 87.6956 81.7596 86.9378 41.0604
45.9591 87.7097 87.6756 87.6956 81.7596 86.9378 41.0604
45.9591 87.7097 87.6756 87.6956 81.7596 86.9378 41.0604
45.9591 87.7097 87.6756 87.6956 81.7596 86.9378 41.0604
45.9591 87.7097 87.6756 87.6956 81.7596 86.9378 41.0604
45.9591 87.7361 87.6832 87.6956 81.7596 86.9378 41.0604
45.9591 87.7361 87.6832 87.6956 81.7596 86.9378 41.0604
45.9591 87.7361 87.6832 87.6956 81.7596 86.9378 41.0604
45.9591 87.7361 87.6832 87.6956 81.7596 86.9378 41.0604
45.9591 87.7361 87.6832 87.6956 81.7596 86.9378 41.0604
45.9591 87.7361 87.6832 87.6956 81.7596 86.9378 41.0604
45.9591 87.7361 87.6832 87.6956 81.7596 86.9378 41.0604
45.9591 87.7361 87.6832 87.6956 81.7596 86.9378 41.0604
45.9591 87.7151 87.6895 87.6956 81.7596 86.9378 41.0604
45.9591 87.7151 87.6895 87.6956 81.7596 86.9378 41.0604
45.9591 87.7151 87.6895 87.6956 81.7596 86.9378 41.0604
45.9591 87.7151 87.6895 87.6956 81.7596 86.9378 41.0604
45.9591 87.7151 87.6895 87.6956 81.7596 86.9378 41.0604
45.9591 87.7151 87.6895 87.6956 81.7596 86.9378 41.0604
45.9591 87.7151 87.6895 87.6956 81.7596 86.9378 41.0604
45.9591 87.7151 87.6895 87.6956 81.7596 86.9378 41.0604
45.9591 87.7353 87.6798 87.6956 81.7596 86.9378 41.0604
45.9591 87.7221 87.684 87.6956 81.7596 86.9378 41.0604
45.9591 87.7221 87.684 87.6956 81.7596 86.9378 41.0604
45.9591 87.7221 87.684 87.6956 81.7596 86.9378 41.0604
45.9591 87.7221 87.684 87.6956 81.7596 86.9378 41.0604
45.9591 87.7221 87.684 87.6956 81.7596 86.9378 41.0604
45.9591 87.7221 87.684 87.6956 81.7596 86.9378 41.0604
45.9591 87.7221 87.684 87.6956 81.7596 86.9378 41.0604
45.9591 87.7221 87.684 87.6956 81.7596 86.9378 41.0604
45.9591 87.7276 87.6793 87.6956 81.7596 86.9378 41.0604
45.9591 87.7276 87.6793 87.6956 81.7596 86.9378 41.0604
45.9591 87.7276 87.6793 87.6956 81.7596 86.9378 41.0604
45.9591 87.7276 87.6793 87.6956 81.7596 86.9378 41.0604
45.9591 87.7276 87.6793 87.6956 81.7596 86.9378 41.0604
45.9591 87.7276 87.6793 87.6956 81.7596 86.9378 41.0604
45.9591 87.7276 87.6793 87.6956 81.7596 86.9378 41.0604
45.9591 87.7276 87.6793 87.6956 81.7596 86.9378 41.0604
45.9591 87.7257 87.694 87.6956 81.7596 86.9378 41.0604
