amazonEcho	belkinMotion	blipcareBP	BabyMonitor	laptop	LIFXlighbulb	Netatmo	sleepSensor	tribySpeaker
4879 	9650 	0	1856 	0	0	52735 	0	3065 
4363 	3356 		1856 			52397 		303 
4341 	659 		1855 			51501 		300 
4334 	456 		1854 			51063 		48 
4311 	204 		1854 			51009 		48 
4309 	202 		1854 			50944 		48 
4299 	186 		1853 			50723 		48 
4298 	186 		1852 			50625 		48 
4297 	186 		1851 			49712 		48 
4296 	186 		1851 			48861 		48 
4295 	186 		1851 			48840 		40 
4295 	186 		1850 			48811 		40 
4294 	186 		1850 			46527 		39 
4293 	186 		1850 			46515 		33 
4293 	186 		1850 			46367 		31 
4277 	186 		1850 			45953 		4 
4270 	186 		1850 			44954 		
4255 	186 		1850 			44875 		
4249 	186 		1850 			44842 		
2959 	186 		1850 			44785 		
2959 	186 		1849 			44733 		
2959 	186 		1849 			44383 		
2959 	186 		1849 			43544 		
2959 	186 		1849 			43521 		
2959 	186 		1849 			43140 		
2959 	186 		1848 			42350 		
2959 	186 		1848 			42293 		
2959 	186 		1848 			41523 		
2959 	186 		1848 			41201 		
2959 	186 		1848 			41000 		
2959 	186 		1847 			40777 		
2959 	186 		1847 			40572 		
2959 	186 		1847 			40309 		
2959 	186 		1847 			40228 		
2959 	186 		1847 			39956 		
2959 	186 		1847 			38674 		
2959 	186 		1847 			37703 		
2959 	186 		1847 			37528 		
2959 	186 		1847 			35890 		
2959 	186 		1847 			35890 		
2959 	186 		1847 			1650 		
2959 	186 		1847 			1650 		
2959 	186 		1847 			1650 		
2959 	186 		1847 			1650 		
2959 	186 		1847 			1650 		
2959 	186 		1847 			1650 		
2959 	186 		1847 			1650 		
2959 	186 		1846 			1650 		
2959 	186 		1846 			1650 		
2959 	186 		1846 			1650 		
2959 	186 		1846 			1650 		
2959 	186 		1846 			1650 		
2959 	186 		1846 			1650 		
2959 	186 		1846 			1650 		
2959 	186 		1846 			1650 		
2959 	186 		1846 			1650 		
2959 	186 		1846 			1650 		
2959 	186 		1846 			1650 		
2959 	186 		1846 			1650 		
2959 	186 		1846 			1650 		
2959 	186 		1846 			1650 		
2959 	186 		1846 			1650 		
2959 	186 		1846 			1650 		
2959 	186 		1846 			1650 		
2959 	186 		1846 			1650 		
2959 	186 		1846 			1650 		
2959 	186 		1846 			1650 		
2959 	186 		1846 			1650 		
2959 	186 		1846 			1650 		
2959 	186 		1846 			1650 		
2959 	186 		1846 			1650 		
2959 	186 		1846 			1650 		
2959 	186 		1846 			1650 		
2959 	186 		1846 			1650 		
2959 	186 		1846 			1650 		
2959 	186 		1846 			1650 		
2959 	186 		1846 			1650 		
2959 	186 		1846 			1650 		
2959 	186 		1846 			1650 		
2959 	186 		1846 			1650 		
2959 	186 		1846 			1650 		
2959 	186 		1846 			1650 		
2959 	186 		1846 			1650 		
2959 	186 		1846 			1650 		
2959 	186 		1846 			1650 		
2959 	186 		1846 			1650 		
2959 	186 		1846 			1650 		
2959 	186 		1846 			1650 		
2959 	186 		1846 			1650 		
2959 	186 		1846 			1650 		
2959 	186 		1846 			1650 		
2959 	186 		1846 			1650 		
2959 	186 		1846 			1650 		
2959 	186 		1846 			1181 		
2959 	186 		1846 			1181 		
2959 	186 		1846 			1181 		
2959 	186 		1846 			1133 		
2959 	186 		1846 			1130 		
2959 	186 		1846 			952 		
2959 	186 		1846 			952 		
2959 	186 		1846 			930 		
2959 	186 		1846 			930 		
2959 	186 		1846 			729 		
2959 	186 		1846 			729 		
2959 	186 		1846 			729 		
2959 	186 		1846 			729 		
2959 	186 		1846 			729 		
2959 	186 		1846 			729 		
2959 	186 		1846 			729 		
2959 	186 		1846 			729 		
2959 	186 		1846 			729 		
2959 	186 		1846 			729 		
2959 	186 		1846 			729 		
2959 	186 		1846 			729 		
2959 	186 		1846 			729 		
2485 	186 		1845 			729 		
843 	186 		1845 			729 		
735 	186 		1845 			729 		
735 	186 		1845 			729 		
735 	186 		1845 			729 		
735 	186 		1845 			729 		
735 	186 		1845 			729 		
735 	186 		1845 			729 		
735 	186 		1845 			729 		
735 	186 		1845 			729 		
735 	186 		1845 			729 		
735 	186 		1844 			659 		
735 	186 		1844 			657 		
735 	186 		1844 			313 		
735 	186 		1844 			307 		
735 	186 		1843 			282 		
735 	186 		1842 			280 		
735 	186 		1841 			224 		
735 	186 		1840 			224 		
735 	186 		1839 			224 		
735 	186 		1838 			224 		
735 	186 		1838 			224 		
560 	186 		1837 			183 		
477 	186 		1837 			183 		
454 	186 		1837 			168 		
280 	186 		1837 			168 		
280 	186 		1836 			168 		
149 	186 		1836 			168 		
82 	186 		548 			168 		
64 	186 		395 			168 		
48 	186 		395 			138 		
48 	186 		395 			72 		
48 	186 		395 			72 		
48 	186 		395 			72 		
48 	186 		395 			48 		
48 	186 		395 			48 		
48 	186 		395 			48 		
48 	186 		395 			48 		
48 	186 		395 			48 		
48 	186 		395 			48 		
48 	186 		395 			48 		
48 	186 		395 			48 		
48 	186 		395 			48 		
48 	186 		395 			48 		
48 	186 		394 			48 		
48 	186 		394 			48 		
48 	186 		394 			48 		
48 	186 		394 			48 		
48 	186 		394 			48 		
48 	186 		394 			48 		
48 	186 		394 			48 		
48 	186 		394 			48 		
48 	186 		394 			48 		
48 	186 		394 			48 		
48 	186 		393 			48 		
48 	186 		393 			48 		
48 	186 		393 			48 		
48 	186 		393 			48 		
48 	186 		393 			48 		
48 	186 		393 			48 		
48 	186 		393 			48 		
48 	186 		393 			48 		
48 	186 		393 			48 		
48 	186 		393 			48 		
48 	186 		393 			48 		
48 	186 		393 			48 		
48 	186 		393 			48 		
48 	186 		393 			48 		
48 	186 		393 			48 		
48 	186 		393 			48 		
48 	186 		393 			48 		
48 	186 		393 			48 		
48 	186 		393 			48 		
48 	186 		393 			48 		
48 	186 		393 			48 		
48 	186 		393 			48 		
48 	186 		393 			48 		
48 	186 		393 			48 		
48 	186 		393 			48 		
48 	186 		393 			48 		
48 	186 		393 			48 		
48 	186 		393 			48 		
48 	186 		393 			48 		
48 	186 		393 			48 		
48 	186 		393 			48 		
48 	186 		393 			48 		
48 	186 		393 			48 		
48 	186 		393 			48 		
48 	186 		393 			48 		
48 	186 		393 			48 		
48 	186 		393 			48 		
48 	186 		393 			48 		
48 	186 		393 			48 		
48 	186 		393 			48 		
48 	186 		393 			48 		
48 	186 		392 			48 		
48 	186 		392 			48 		
48 	186 		392 			48 		
48 	186 		392 			48 		
48 	186 		392 			48 		
48 	186 		392 			48 		
48 	186 		392 			48 		
48 	186 		392 			48 		
48 	186 		392 			48 		
48 	186 		392 			48 		
48 	186 		392 			48 		
48 	186 		392 			48 		
48 	186 		392 			48 		
48 	186 		392 			48 		
48 	186 		392 			48 		
48 	186 		392 			48 		
48 	186 		392 			48 		
48 	186 		392 			48 		
48 	186 		392 			48 		
48 	186 		392 			48 		
48 	186 		392 			48 		
48 	186 		392 			48 		
48 	186 		392 			48 		
48 	186 		392 			48 		
48 	186 		391 			48 		
48 	186 		391 			48 		
48 	186 		321 			48 		
48 	186 		321 			48 		
48 	186 		321 			46 		
48 	186 		321 			46 		
48 	186 		321 			46 		
48 	186 		321 			46 		
48 	186 		321 			46 		
48 	186 		321 			46 		
48 	186 		321 			45 		
48 	186 		321 			45 		
48 	186 		321 			45 		
48 	186 		321 			45 		
48 	186 		321 			45 		
48 	186 		321 			45 		
48 	186 		321 			45 		
48 	186 		321 			45 		
48 	186 		321 			44 		
48 	186 		321 			43 		
48 	186 		321 			40 		
48 	186 		321 			39 		
48 	186 		321 			39 		
48 	186 		321 			39 		
48 	186 		321 			39 		
48 	186 		273 			37 		
48 	186 		273 			37 		
48 	186 		273 			37 		
48 	186 		273 			36 		
48 	186 		273 			36 		
48 	186 		273 			36 		
48 	186 		273 			36 		
48 	186 		273 			36 		
48 	186 		273 			36 		
48 	186 		273 			36 		
48 	186 		273 			36 		
48 	186 		273 			36 		
48 	186 		273 			36 		
48 	186 		273 			36 		
48 	186 		273 			36 		
48 	186 		273 			36 		
48 	186 		273 			36 		
48 	186 		273 			36 		
48 	186 		273 			36 		
48 	186 		273 			36 		
46 	186 		273 			36 		
46 	186 		273 			36 		
46 	186 		273 			36 		
46 	186 		273 			36 		
46 	186 		272 			36 		
46 	186 		272 			36 		
46 	186 		272 			36 		
46 	186 		272 			36 		
46 	186 		272 			36 		
46 	186 		272 			36 		
46 	186 		272 			36 		
46 	186 		272 			33 		
46 	186 		272 			33 		
46 	186 		272 			32 		
46 	186 		272 			32 		
46 	186 		272 			32 		
46 	186 		221 			32 		
46 	186 		221 			32 		
46 	186 		221 			32 		
46 	186 		221 			32 		
46 	186 		221 			32 		
46 	186 		221 			32 		
46 	186 		221 			32 		
46 	186 		221 			32 		
46 	186 		221 			32 		
46 	186 		221 			32 		
46 	186 		221 			32 		
46 	186 		221 					
46 	186 		221 					
46 	186 		221 					
46 	186 		221 					
46 	186 		221 					
46 	186 		221 					
46 	186 		221 					
46 	186 		221 					
46 	186 		221 					
46 	186 		221 					
46 	186 		221 					
46 	186 		221 					
46 	186 		221 					
46 	186 		221 					
46 	186 		221 					
46 	186 		221 					
46 	186 		221 					
46 	186 		221 					
46 	186 		221 					
46 	186 		221 					
46 	186 		221 					
46 	186 		221 					
46 	186 		221 					
46 	186 		221 					
46 	186 		221 					
46 	186 		221 					
46 	186 		182 					
46 	186 		182 					
46 	186 		182 					
46 	186 		182 					
46 	186 		182 					
46 	186 		182 					
46 	186 		182 					
46 	186 		182 					
46 	186 		182 					
46 	186 		182 					
46 	186 		182 					
46 	186 		182 					
46 	186 		182 					
46 	186 		182 					
46 	186 		182 					
46 	186 		182 					
46 	186 		182 					
46 	186 		182 					
46 	186 		182 					
46 	186 		182 					
46 	186 		182 					
46 	186 		182 					
46 	186 		182 					
46 	186 		182 					
46 	186 		182 					
46 	186 		182 					
46 	186 		182 					
46 	186 		182 					
46 	186 		182 					
46 	186 		182 					
46 	186 		182 					
46 	186 		182 					
46 	186 		182 					
46 	186 		182 					
46 	186 		182 					
46 	186 		182 					
46 	186 		37 					
46 	186 		37 					
46 	186 		37 					
46 	186 		37 					
46 	186 		37 					
46 	186 		37 					
46 	186 		37 					
44 	186 		37 					
33 	186 		37 					
33 	186 		37 					
33 	186 		37 					
33 	186 		37 					
33 	186 		37 					
33 	186 		37 					
33 	186 		37 					
33 	186 		37 					
33 	186 		37 					
33 	186 		37 					
33 	186 		37 					
33 	186 		37 					
33 	186 		37 					
33 	186 		37 					
33 	186 		37 					
33 	186 		37 					
33 	186 		37 					
33 	186 		37 					
33 	186 		37 					
33 	186 		37 					
31 	186 		37 					
	186 		37 					
	186 		37 					
	186 		37 					
	186 		37 					
	186 		37 					
	186 		37 					
	186 		37 					
	186 		37 					
	186 		37 					
	186 		37 					
	186 		37 					
	186 		37 					
	186 		37 					
	186 		37 					
	186 		37 					
	186 		37 					
	186 		37 					
	186 		37 					
	186 		37 					
	186 		37 					
	186 		37 					
	186 		37 					
	186 		37 					
	186 		37 					
	186 		37 					
	186 		37 					
	186 		37 					
	186 		37 					
	186 		37 					
	186 		37 					
	186 		37 					
	186 		37 					
	186 		37 					
	186 		37 					
	186 		37 					
	186 		37 					
	186 		37 					
	186 		37 					
	186 		37 					
	186 		37 					
	186 		37 					
	186 		37 					
	186 		37 					
	186 		37 					
	186 		37 					
	186 		37 					
	186 		37 					
	186 		37 					
	186 		37 					
	186 		37 					
	186 		37 					
	186 		37 					
	186 		37 					
	186 		37 					
	186 		37 					
	186 		37 					
	186 		37 					
	186 		37 					
	186 		37 					
	186 		37 					
	186 		37 					
	186 		37 					
	186 		37 					
	186 		37 					
	186 		37 					
	186 		37 					
	186 		37 					
	186 		37 					
	186 		37 					
	186 		37 					
	186 		37 					
	186 		37 					
	186 		37 					
	186 		37 					
	186 		37 					
	186 		37 					
	186 		37 					
	186 		37 					
	186 		37 					
	186 		37 					
	186 		37 					
	186 		37 					
	186 		37 					
	186 		37 					
	186 		37 					
	186 		37 					
	186 		37 					
	186 		37 					
	186 		37 					
	186 		37 					
	186 		37 					
	186 		37 					
	186 		37 					
	186 		37 					
	186 		37 					
	186 		37 					
	186 		37 					
	186 		37 					
	186 		37 					
	186 		37 					
	186 		37 					
	186 		37 					
	186 		37 					
	186 		37 					
	186 		37 					
	186 		37 					
	186 		37 					
	186 		37 					
	186 		37 					
	186 		37 					
	186 		37 					
	186 		37 					
	186 		37 					
	186 		37 					
	186 		37 					
	186 		37 					
	186 		37 					
	186 		37 					
	186 		37 					
	186 		37 					
	186 		37 					
	186 		37 					
	186 		37 					
	186 		37 					
	186 		37 					
	186 		37 					
	186 		37 					
	186 		37 					
	186 		37 					
	186 		37 					
	186 		37 					
	186 		37 					
	186 		37 					
	186 		37 					
	186 		37 					
	186 		37 					
	186 		37 					
	186 		37 					
	186 		37 					
	186 		37 					
	186 		37 					
	186 		37 					
	186 		37 					
	186 		37 					
	186 		37 					
	186 		37 					
	186 		37 					
	186 		37 					
	186 		37 					
	186 		37 					
	186 		37 					
	186 		37 					
	186 		37 					
	186 		37 					
	186 		37 					
	186 		37 					
	186 		37 					
	186 		37 					
	186 		37 					
	186 		37 					
	186 		37 					
	186 		37 					
	186 		37 					
	186 		37 					
	186 		37 					
	186 		37 					
	186 		37 					
	186 		37 					
	186 		37 					
	186 		37 					
	186 		37 					
	186 		37 					
	186 		37 					
	186 		37 					
	186 		37 					
	186 		37 					
	186 		37 					
	186 		37 					
	186 		37 					
	186 		37 					
	186 		37 					
	186 		37 					
	186 		37 					
	186 		37 					
	186 		37 					
	186 		37 					
	186 		37 					
	186 		37 					
	186 		37 					
	186 		37 					
	186 		37 					
	186 		37 					
	186 		37 					
	186 		37 					
	186 		37 					
	186 		37 					
	186 		37 					
	186 		37 					
	186 		37 					
	186 		37 					
	186 		37 					
	186 		37 					
	186 		37 					
	186 		37 					
	186 		37 					
	186 		37 					
	186 		37 					
	186 		37 					
	186 		37 					
	186 		37 					
	186 		37 					
	186 		37 					
	186 		37 					
	186 		37 					
	186 		37 					
	186 		37 					
	186 		37 					
	186 		37 					
	186 		37 					
	186 		37 					
	186 		37 					
	186 		37 					
	186 		37 					
	186 		37 					
	186 		37 					
	186 		37 					
	186 		37 					
	186 		37 					
	186 		37 					
	186 		37 					
	186 		37 					
	186 		37 					
	186 		37 					
	186 		37 					
	186 		37 					
	186 		37 					
	186 		37 					
	186 		37 					
	186 		37 					
	186 		37 					
	186 		37 					
	186 		37 					
	186 		37 					
	186 		37 					
	186 		37 					
	186 		37 					
	186 		37 					
	186 		37 					
	186 		37 					
	186 		37 					
	186 		37 					
	186 		37 					
	186 		37 					
	186 		37 					
	186 		37 					
	186 		37 					
	186 		37 					
	186 		37 					
	186 		37 					
	186 		37 					
	186 		37 					
	186 		37 					
	186 		37 					
	186 		37 					
	186 		37 					
	186 		37 					
	186 		37 					
	186 		37 					
	186 		37 					
	186 		37 					
	186 		37 					
	186 		37 					
	186 		37 					
	186 		37 					
	186 		37 					
	186 		37 					
	186 		37 					
	186 		37 					
	186 		37 					
	186 		37 					
	186 		37 					
	186 		37 					
	186 		37 					
	186 		37 					
	186 		37 					
	186 		37 					
	186 		37 					
	186 		37 					
	186 		37 					
	186 		37 					
	186 		37 					
	186 		37 					
	186 		37 					
	186 		37 					
	186 		37 					
	186 		37 					
	186 		37 					
	186 		37 					
	186 		37 					
	186 		37 					
	186 		37 					
	186 		37 					
	186 		37 					
	186 		37 					
	186 		37 					
	186 		37 					
	186 		37 					
	186 		37 					
	186 		37 					
	186 		37 					
	186 		37 					
	186 		37 					
	186 		37 					
	186 		37 					
	186 		37 					
	186 		37 					
	186 		37 					
	186 		37 					
	186 		37 					
	186 		37 					
	186 		37 					
	186 		37 					
	186 		37 					
	186 		37 					
	186 		37 					
	186 		37 					
	186 		37 					
	186 		37 					
	186 		37 					
	186 		37 					
	186 		37 					
	186 		37 					
	186 		37 					
	186 		37 					
	186 		37 					
	186 		37 					
	186 		37 					
	186 		37 					
	186 							
	186 							
	186 							
	186 							
	186 							
	186 							
	186 							
	186 							
	186 							
	186 							
	186 							
	186 							
	186 							
	186 							
	186 							
	186 							
	186 							
	186 							
	186 							
	186 							
	186 							
	186 							
	186 							
	186 							
	186 							
	186 							
	186 							
	186 							
	186 							
	186 							
	186 							
	186 							
	186 							
	186 							
	186 							
	186 							
	186 							
	186 							
	186 							
	186 							
	186 							
	186 							
	186 							
	186 							
	186 							
	186 							
	186 							
	186 							
	186 							
	186 							
	186 							
	186 							
	186 							
	186 							
	186 							
	186 							
	186 							
	186 							
	186 							
	186 							
	186 							
	186 							
	186 							
	186 							
	186 							
	186 							
	186 							
	186 							
	186 							
	186 							
	186 							
	186 							
	186 							
	186 							
	186 							
	186 							
	186 							
	186 							
	186 							
	186 							
	186 							
	186 							
	186 							
	186 							
	186 							
	186 							
	186 							
	186 							
	186 							
	186 							
	186 							
	186 							
	186 							
	186 							
	186 							
	186 							
	186 							
	186 							
	186 							
	186 							
	186 							
	186 							
	186 							
	186 							
	186 							
	186 							
	186 							
	186 							
	186 							
	186 							
	186 							
	186 							
	186 							
	186 							
	186 							
	186 							
	186 							
	186 							
	186 							
	186 							
	186 							
	186 							
	186 							
	186 							
	186 							
	186 							
	186 							
	186 							
	186 							
	186 							
	186 							
	186 							
	186 							
	186 							
	186 							
	186 							
	186 							
	186 							
	186 							
	186 							
	186 							
	186 							
	186 							
	186 							
	186 							
	186 							
	186 							
	186 							
	186 							
	186 							
	186 							
	186 							
	186 							
	186 							
	186 							
	186 							
	186 							
	186 							
	186 							
	186 							
	186 							
	186 							
	186 							
	186 							
	186 							
	186 							
	186 							
	186 							
	186 							
	186 							
	186 							
	186 							
	186 							
	186 							
	186 							
	186 							
	186 							
	186 							
	186 							
	186 							
	186 							
	186 							
	186 							
	186 							
	186 							
	186 							
	186 							
	186 							
	186 							
	186 							
	186 							
	186 							
	186 							
	186 							
	186 							
	186 							
	186 							
	186 							
	186 							
	186 							
	186 							
	186 							
	186 							
	186 							
	186 							
	186 							
	186 							
	186 							
	186 							
	186 							
	186 							
	186 							
	186 							
	186 							
	186 							
	186 							
	186 							
	186 							
	186 							
	186 							
	186 							
	186 							
	186 							
	186 							
	186 							
	186 							
	186 							
	186 							
	186 							
	186 							
	186 							
	186 							
	186 							
	186 							
	186 							
	186 							
	186 							
	186 							
	186 							
	186 							
	186 							
	186 							
	148 							
	79 							
	79 							
	79 							
	8 							
