amazonEcho	belkinMotion	blipcareBP	BabyMonitor	laptop	LIFXlighbulb	Netatmo	sleepSensor	tribySpeaker
4872 	9650 	0	1856 	0	548 	45316 	16793 	3065 
4854 	6712 		1856 		207 	44932 	16725 	723 
4854 	6712 		1856 		88 	44768 	13134 	303 
4854 	3356 		1856 		48 	44745 	11662 	300 
4851 	3316 		1856 		48 	44628 	10967 	48 
4846 	659 		1856 		48 	44268 	10739 	48 
4812 	380 		1856 		48 	44170 	9307 	48 
4808 	227 		1856 		48 	44118 	9117 	48 
4796 	227 		1856 		48 	44118 	8942 	48 
4788 	227 		1856 		48 	44069 	8913 	48 
4786 	227 		1856 		48 	43933 	7889 	48 
4767 	227 		1856 		48 	43797 	7191 	40 
4766 	227 		1856 		48 	43741 	6792 	40 
4762 	227 		1856 		48 	43556 	6787 	39 
4760 	227 		1856 		48 	43433 	6619 	33 
4749 	227 		1856 		48 	43367 	6489 	31 
4745 	227 		1856 		48 	43301 	6481 	
4726 	227 		1856 		48 	43249 	6367 	
4701 	227 		1856 		48 	43228 	6106 	
2975 	227 		1856 		48 	43164 	5874 	
2975 	227 		1856 		48 	42765 	5720 	
2975 	227 		1856 		48 	42578 	4868 	
2975 	227 		1856 		48 	42438 	4729 	
2959 	227 		1856 		48 	41814 	4600 	
2959 	227 		1856 		48 	41766 	3827 	
2959 	227 		1856 		48 	39323 	3160 	
2959 	227 		1856 		48 	38238 	3153 	
2959 	227 		1856 		48 	37739 	3134 	
2959 	227 		1856 		48 	36305 	3127 	
2959 	227 		1856 		48 	36294 	3045 	
2959 	227 		1856 		48 	35867 	2849 	
2959 	227 		1856 		48 	1904 	2715 	
2959 	227 		1856 		48 	1650 	2534 	
2959 	227 		1856 		48 	1650 	2122 	
2959 	227 		1856 		48 	1650 	1923 	
2959 	227 		1856 		48 	1650 	1784 	
2959 	227 		1856 		48 	1650 	1683 	
2959 	227 		1856 		48 	1650 	1683 	
2959 	227 		1856 		48 	1650 	1683 	
2959 	227 		1856 		48 	1650 	1683 	
2959 	227 		1856 		48 	1650 	1500 	
2959 	227 		1856 		48 	1650 	1303 	
2959 	227 		1856 		48 	1650 	1301 	
2959 	227 		1856 		48 	1650 	1298 	
2959 	227 		1856 		48 	1650 	1171 	
2959 	227 		1856 		48 	1650 	1168 	
2959 	227 		1856 		48 	1650 	965 	
2959 	227 		1856 		48 	1650 	924 	
2959 	227 		1855 		48 	1650 	862 	
2959 	227 		1855 		48 	1650 	861 	
2959 	204 		1855 		48 	1650 	861 	
2959 	202 		1855 		48 	1650 	859 	
2959 	198 		1855 		48 	1650 	859 	
2959 	198 		1855 		48 	1650 	859 	
2959 	198 		1855 		48 	1650 	859 	
2959 	198 		1855 		48 	1650 	859 	
2959 	198 		1854 		48 	1650 	859 	
2959 	198 		1854 		48 	1650 	859 	
2959 	198 		1854 		48 	1650 	845 	
2959 	198 		1854 		48 	1650 	824 	
2959 	198 		1854 		48 	1650 	821 	
2959 	198 		1854 		48 	1650 	795 	
2959 	198 		1854 		48 	1650 	758 	
2959 	198 		1853 		48 	1650 	756 	
2959 	198 		1853 		48 	1650 	754 	
2959 	198 		1853 		48 	1181 	749 	
2959 	198 		1853 		48 	1181 	746 	
2959 	198 		1852 		48 	1133 	669 	
2959 	198 		1852 		48 	1130 	668 	
2959 	198 		1852 		48 	930 	668 	
2959 	198 		1852 		48 	930 	663 	
2959 	198 		1851 		48 	729 	662 	
2959 	198 		1849 		48 	729 	662 	
2959 	198 		1847 		48 	729 	581 	
2959 	198 		1847 		48 	729 	579 	
2959 	198 		1847 		48 	729 	579 	
2959 	198 		1846 		48 	729 	579 	
2959 	198 		1846 		48 	729 	579 	
2959 	198 		1841 		48 	729 	578 	
2959 	198 		1837 		48 	729 	575 	
2959 	198 		1837 		48 	729 	574 	
2959 	198 		1837 		48 	729 	574 	
2959 	198 		1836 		48 	729 	574 	
2959 	198 		1836 		48 	729 	573 	
2959 	198 		1836 		48 	729 	573 	
2959 	198 		1836 		48 	729 	573 	
2959 	198 		1836 		48 	729 	552 	
2959 	198 		1836 		48 	729 	552 	
2959 	198 		1836 		48 	729 	552 	
2959 	198 		1836 		48 	729 	551 	
2959 	198 		1836 		48 	729 	551 	
2959 	198 		1836 		48 	729 	550 	
2959 	198 		1836 		48 	729 	550 	
2959 	198 		1836 		48 	729 	550 	
2959 	198 		1836 		48 	729 	550 	
2959 	198 		1836 		48 	307 	550 	
2959 	198 		1836 		48 	168 	502 	
2959 	196 		1836 		48 	168 	501 	
2959 	196 		1836 		48 	168 	500 	
2959 	196 		1836 		48 	168 	500 	
2959 	196 		1836 		48 	168 	316 	
2959 	196 		1836 		48 	168 	316 	
2959 	196 		1836 		48 	136 	315 	
2959 	196 		1836 		48 	72 	315 	
2959 	196 		1836 		48 	72 	315 	
2959 	196 		1836 		48 	72 	315 	
2959 	196 		1836 		48 	72 	315 	
2959 	196 		1836 		48 	72 	314 	
2959 	196 		1836 		48 	72 	314 	
2959 	196 		1836 		48 	72 	314 	
2959 	196 		1836 		48 	48 	314 	
2959 	196 		1836 		48 	48 	314 	
2959 	196 		1836 		48 	48 	314 	
2959 	196 		1836 		48 	48 	314 	
2959 	196 		1836 		48 	48 	314 	
2485 	196 		1836 		48 	48 	314 	
735 	196 		1836 		48 	48 	314 	
735 	196 		1836 		48 	48 	314 	
735 	196 		1836 		48 	48 	300 	
735 	196 		1836 		48 	48 	289 	
735 	196 		1836 		48 	48 	289 	
735 	196 		1836 		48 	48 	289 	
735 	196 		1836 		48 	48 	289 	
735 	196 		1836 		48 	48 	289 	
735 	196 		1836 		48 	48 	289 	
735 	196 		1836 		48 	48 	289 	
735 	196 		1836 		48 	48 	289 	
735 	196 		1836 		48 	48 	289 	
735 	196 		1836 		48 	48 	289 	
735 	196 		1836 		48 	48 	289 	
735 	196 		1836 		48 	48 	289 	
735 	196 		1836 		48 	48 	289 	
735 	196 		1836 		48 	48 	289 	
735 	196 		1836 		48 	48 	289 	
735 	196 		1836 		48 	48 	289 	
735 	196 		1836 		48 	48 	289 	
560 	196 		1836 		48 	48 	289 	
517 	196 		1836 		48 	48 	289 	
517 	196 		1836 		48 	48 	289 	
517 	196 		1836 		48 	48 	289 	
517 	196 		1836 		48 	48 	289 	
517 	193 		1836 		48 	48 	289 	
517 	193 		548 		48 	48 	289 	
517 	193 		395 		48 	48 	289 	
517 	193 		395 		48 	48 	289 	
517 	193 		395 		48 	48 	284 	
517 	193 		395 		48 	48 	284 	
517 	193 		395 		48 	48 	284 	
517 	193 		395 		48 	48 	284 	
517 	193 		395 		48 	48 	284 	
517 	193 		395 		30 	48 	284 	
517 	193 		395 		30 	48 	284 	
517 	193 		395 		30 	48 	284 	
517 	193 		395 		30 	48 	284 	
517 	193 		395 		30 	48 	284 	
517 	193 		395 		30 	48 	284 	
454 	193 		395 		30 	48 	284 	
318 	193 		395 		30 	48 	284 	
280 	193 		395 		30 	48 	284 	
280 	193 		395 		30 	48 	284 	
149 	193 		395 		30 	48 	284 	
96 	193 		395 		30 	48 	284 	
96 	193 		395 		30 	48 	284 	
80 	193 		395 		30 	48 	284 	
48 	193 		395 		30 	48 	284 	
48 	193 		395 		30 	48 	284 	
48 	193 		395 		30 	48 	284 	
48 	193 		395 		30 	48 	284 	
48 	193 		395 		30 	48 	284 	
48 	193 		395 		30 	48 	284 	
48 	193 		395 		30 	48 	284 	
48 	193 		395 		30 	48 	282 	
48 	193 		395 		30 	48 	282 	
48 	193 		395 		30 	48 	282 	
48 	193 		395 		30 	48 	282 	
48 	193 		395 		30 	48 	282 	
48 	193 		395 		30 	48 	282 	
48 	193 		395 		30 	48 	282 	
48 	193 		395 		30 	48 	282 	
48 	193 		395 		30 	48 	282 	
48 	193 		395 		30 	48 	282 	
48 	193 		395 		30 	48 	282 	
48 	193 		395 		30 	48 	282 	
48 	193 		395 		30 	48 	282 	
48 	193 		395 		30 	48 	282 	
48 	193 		395 		30 	48 	282 	
48 	193 		395 		30 	48 	282 	
48 	193 		395 		30 	48 	282 	
48 	193 		395 		30 	48 	282 	
48 	193 		395 		30 	48 	282 	
48 	193 		395 		30 	48 	282 	
48 	193 		395 		30 	48 	282 	
48 	193 		395 		30 	48 	282 	
48 	193 		394 		30 	48 	282 	
48 	193 		394 		30 	48 	282 	
48 	193 		394 		30 	48 	282 	
48 	193 		394 		30 	48 	282 	
48 	193 		394 		30 	48 	266 	
48 	193 		394 		30 	48 	266 	
48 	193 		394 		30 	48 	222 	
48 	193 		394 		30 	48 	222 	
48 	193 		394 		30 	48 	222 	
48 	193 		394 		30 	48 	222 	
48 	193 		394 		30 	48 	222 	
48 	193 		394 		30 	48 	222 	
48 	193 		394 		30 	46 	222 	
48 	193 		394 		30 	46 	222 	
48 	193 		394 		30 	45 	222 	
48 	193 		394 		30 	45 	222 	
48 	193 		394 		30 	40 	222 	
48 	193 		394 		30 	36 	222 	
48 	193 		394 		30 	36 	222 	
48 	193 		394 		30 	36 	222 	
48 	193 		394 		30 	36 	222 	
48 	193 		394 		30 	36 	222 	
48 	193 		394 		30 	36 	222 	
48 	193 		394 		30 	36 	222 	
48 	193 		394 		30 	36 	222 	
48 	193 		394 		30 	36 	222 	
48 	193 		394 		30 	36 	222 	
48 	193 		394 		30 	36 	222 	
48 	193 		394 		30 	36 	222 	
48 	193 		394 		30 	36 	222 	
48 	193 		394 		30 	36 	222 	
48 	193 		394 		30 	36 	222 	
48 	193 		394 		30 	36 	222 	
48 	193 		394 		30 	36 	222 	
48 	193 		394 		30 	36 	222 	
48 	193 		394 		30 	36 	222 	
48 	193 		394 		30 	36 	222 	
48 	193 		394 		30 	36 	222 	
48 	193 		394 		30 	36 	222 	
48 	193 		394 		30 	36 	222 	
48 	193 		393 		30 	36 	222 	
48 	193 		393 		30 		222 	
48 	193 		393 		30 		222 	
48 	193 		393 		30 		222 	
48 	193 		393 		30 		222 	
48 	193 		393 		30 		222 	
48 	193 		393 		30 		222 	
48 	193 		393 		30 		222 	
48 	193 		393 		30 		222 	
48 	193 		393 		30 		222 	
48 	193 		393 		30 		222 	
48 	193 		393 		30 		222 	
48 	193 		393 		30 		222 	
48 	193 		393 		30 		222 	
48 	193 		393 		30 		222 	
48 	193 		393 		30 		222 	
48 	193 		393 		30 		222 	
48 	193 		393 		30 		222 	
48 	193 		393 		30 		183 	
48 	193 		393 		30 		183 	
48 	193 		393 		30 		183 	
48 	193 		393 		30 		183 	
48 	193 		393 		30 		183 	
48 	193 		393 		30 		183 	
48 	193 		393 		30 		183 	
48 	193 		393 		30 		183 	
48 	193 		392 		30 		183 	
48 	193 		392 		30 		183 	
48 	193 		392 		30 		183 	
48 	193 		392 		30 		183 	
48 	193 		392 		30 		183 	
48 	193 		392 		30 		183 	
48 	193 		392 		30 		183 	
48 	193 		392 		30 		183 	
48 	193 		392 		30 		183 	
48 	193 		392 		30 		183 	
48 	193 		392 		30 		183 	
48 	193 		392 		30 		183 	
48 	193 		392 		30 		183 	
48 	193 		392 		30 		183 	
48 	193 		392 		30 		183 	
48 	193 		392 		30 		183 	
48 	193 		392 		30 		183 	
48 	193 		392 		30 		183 	
48 	193 		392 		30 		183 	
48 	193 		392 		30 		183 	
48 	193 		321 		30 		183 	
48 	193 		321 		30 		183 	
48 	193 		321 		30 		183 	
48 	193 		321 		30 		183 	
48 	193 		321 		30 		183 	
48 	193 		321 		30 		183 	
48 	193 		321 		30 		183 	
48 	193 		321 		30 		183 	
48 	193 		321 		30 		183 	
48 	193 		321 		30 		183 	
48 	193 		321 		30 		183 	
48 	193 		321 		30 		183 	
48 	193 		321 		30 		183 	
48 	193 		321 		30 		183 	
48 	193 		321 		30 		183 	
48 	193 		321 		30 		183 	
48 	193 		321 		30 		183 	
48 	193 		321 		30 		183 	
48 	193 		321 		30 		183 	
48 	193 		321 		30 		183 	
48 	193 		321 		30 		183 	
48 	193 		321 		30 		183 	
48 	193 		321 		30 		183 	
48 	193 		321 		30 		183 	
48 	193 		273 		30 		38 	
48 	193 		273 		30 		38 	
48 	193 		273 		30 		38 	
48 	193 		273 		30 		38 	
48 	193 		273 		30 		38 	
48 	193 		273 		30 		38 	
48 	193 		273 		30 		38 	
48 	193 		273 		30 		38 	
48 	193 		273 		30 		38 	
48 	193 		273 		30 		38 	
48 	193 		273 		30 		38 	
48 	193 		273 		30 		38 	
48 	193 		273 		30 		38 	
48 	193 		273 		30 		38 	
48 	193 		273 		30 		38 	
48 	193 		273 		30 		38 	
48 	193 		273 		30 		38 	
48 	193 		273 		30 		38 	
48 	193 		273 		30 		38 	
48 	193 		273 		30 		38 	
48 	193 		273 		30 		38 	
48 	193 		273 		30 		38 	
48 	193 		273 		30 		38 	
48 	193 		273 		30 		38 	
48 	193 		272 		30 		38 	
48 	193 		272 		30 		38 	
48 	193 		272 		30 		38 	
48 	193 		272 		30 		38 	
48 	193 		272 		30 		38 	
48 	193 		272 		30 		38 	
48 	193 		272 		30 		38 	
48 	193 		272 		30 		38 	
48 	193 		272 		30 		38 	
48 	193 		272 		30 		38 	
48 	193 		272 		30 		38 	
48 	193 		221 		30 		38 	
48 	193 		221 		30 		38 	
48 	193 		221 		30 		38 	
48 	193 		221 		30 		38 	
48 	193 		221 		30 		38 	
48 	193 		221 		30 		38 	
48 	193 		221 		30 		38 	
48 	193 		221 		30 		38 	
48 	193 		221 		30 		38 	
48 	193 		221 		30 		38 	
48 	193 		221 		30 		38 	
48 	193 		221 		30 		38 	
48 	193 		221 		30 		38 	
48 	193 		221 		30 		38 	
48 	193 		221 		30 		38 	
48 	193 		221 		30 		38 	
48 	193 		221 		30 		38 	
48 	193 		221 		30 		38 	
48 	193 		221 		30 		38 	
48 	193 		221 		30 		38 	
46 	193 		221 		30 		38 	
46 	193 		221 		30 		38 	
46 	193 		221 		30 		38 	
46 	193 		221 		30 		38 	
46 	193 		221 		30 		38 	
46 	193 		221 		30 		38 	
46 	193 		221 		30 		38 	
46 	193 		221 		30 		38 	
46 	193 		221 		30 		38 	
46 	193 		221 		30 		38 	
46 	193 		221 		30 		38 	
46 	193 		221 		30 		38 	
46 	193 		221 		30 		38 	
46 	193 		221 		30 		38 	
46 	193 		221 		30 		38 	
46 	193 		221 		30 		38 	
46 	193 		182 		30 		38 	
46 	193 		182 		30 		38 	
46 	193 		182 		30 		38 	
46 	193 		182 		30 		38 	
46 	193 		182 		30 		38 	
46 	193 		182 		30 		38 	
46 	193 		182 		30 		38 	
46 	193 		182 		30 		38 	
46 	193 		182 		30 		38 	
46 	193 		182 		30 		38 	
46 	193 		182 		30 		38 	
46 	193 		182 		30 		38 	
46 	193 		182 		30 		38 	
46 	193 		182 		30 		38 	
46 	193 		182 		30 		38 	
46 	193 		182 		30 		38 	
46 	193 		182 		30 		38 	
46 	193 		182 		30 		38 	
46 	193 		182 		30 		38 	
46 	193 		182 		30 		38 	
46 	193 		182 		30 		38 	
46 	193 		182 		30 		38 	
46 	193 		182 		30 		38 	
46 	193 		182 		30 		38 	
46 	193 		182 		30 		38 	
46 	193 		182 		30 		38 	
46 	193 		182 		30 		38 	
46 	193 		182 		30 		38 	
46 	193 		182 		30 		38 	
46 	193 		182 		30 		38 	
46 	193 		182 		30 		38 	
46 	193 		182 		30 		38 	
46 	193 		182 		30 		38 	
46 	193 		182 		30 		38 	
46 	193 		182 		30 		38 	
46 	193 		182 		30 		38 	
46 	193 		37 		30 		38 	
46 	193 		37 		30 		38 	
46 	193 		37 		30 		38 	
46 	193 		37 		30 		38 	
46 	193 		37 		30 		38 	
46 	193 		37 		30 		38 	
46 	193 		37 		30 		38 	
46 	193 		37 		30 		38 	
46 	193 		37 		30 		38 	
46 	193 		37 		30 		38 	
46 	193 		37 		30 		38 	
46 	193 		37 		30 		38 	
46 	193 		37 		30 		38 	
46 	193 		37 		30 		38 	
46 	193 		37 		30 		38 	
46 	193 		37 		30 		38 	
46 	193 		37 		30 		38 	
46 	193 		37 		30 		38 	
46 	193 		37 		30 		38 	
46 	193 		37 		30 		38 	
46 	193 		37 		30 		38 	
46 	193 		37 		30 		38 	
46 	193 		37 		30 		38 	
46 	193 		37 		30 		38 	
46 	193 		37 		30 		38 	
46 	193 		37 		30 		38 	
46 	193 		37 		30 		38 	
46 	193 		37 		30 		38 	
46 	193 		37 		30 		38 	
46 	193 		37 		30 		38 	
46 	193 		37 		30 		38 	
46 	193 		37 		30 		38 	
46 	193 		37 		30 		38 	
46 	193 		37 		30 		38 	
46 	193 		37 		30 		38 	
46 	193 		37 		30 		38 	
46 	193 		37 		30 		38 	
46 	193 		37 		30 		38 	
46 	193 		37 		30 		38 	
46 	193 		37 		30 		38 	
46 	193 		37 		30 		38 	
46 	193 		37 		30 		38 	
46 	193 		37 		30 		38 	
46 	193 		37 		30 		38 	
46 	193 		37 		30 		38 	
46 	193 		37 		30 		38 	
46 	193 		37 		30 		38 	
46 	193 		37 		30 		38 	
46 	193 		37 		30 		38 	
46 	193 		37 		30 		38 	
44 	193 		37 				38 	
41 	193 		37 				38 	
37 	193 		37 				38 	
33 	193 		37 				38 	
33 	193 		37 				38 	
33 	193 		37 				38 	
33 	193 		37 				38 	
33 	193 		37 				38 	
33 	193 		37 				38 	
33 	193 		37 				38 	
33 	193 		37 				38 	
33 	193 		37 				38 	
33 	193 		37 				38 	
33 	193 		37 				38 	
33 	193 		37 				38 	
33 	193 		37 				38 	
33 	193 		37 				38 	
33 	193 		37 				38 	
33 	193 		37 				38 	
33 	193 		37 				38 	
33 	193 		37 				38 	
33 	193 		37 				38 	
33 	193 		37 				38 	
31 	193 		37 				38 	
	193 		37 				38 	
	193 		37 				38 	
	193 		37 				38 	
	193 		37 				38 	
	186 		37 				38 	
	186 		37 				38 	
	186 		37 				38 	
	186 		37 				38 	
	186 		37 				38 	
	186 		37 				38 	
	186 		37 				38 	
	186 		37 				38 	
	186 		37 				38 	
	186 		37 				38 	
	186 		37 				38 	
	186 		37 				38 	
	186 		37 				38 	
	186 		37 				38 	
	186 		37 				38 	
	186 		37 				38 	
	186 		37 				38 	
	186 		37 				38 	
	186 		37 				38 	
	186 		37 				38 	
	186 		37 				38 	
	186 		37 				38 	
	186 		37 				38 	
	186 		37 				38 	
	186 		37 				38 	
	186 		37 				38 	
	186 		37 				38 	
	186 		37 				38 	
	186 		37 				38 	
	186 		37 				38 	
	186 		37 				38 	
	186 		37 				38 	
	186 		37 				38 	
	186 		37 				38 	
	186 		37 				38 	
	186 		37 				38 	
	186 		37 				38 	
	186 		37 				38 	
	186 		37 				38 	
	186 		37 				38 	
	186 		37 				38 	
	186 		37 				38 	
	186 		37 				38 	
	186 		37 				38 	
	186 		37 				38 	
	186 		37 				38 	
	186 		37 				38 	
	186 		37 				38 	
	186 		37 				38 	
	186 		37 				38 	
	186 		37 				38 	
	186 		37 				38 	
	186 		37 				38 	
	186 		37 				38 	
	186 		37 				38 	
	186 		37 				38 	
	186 		37 				38 	
	186 		37 				38 	
	186 		37 				38 	
	186 		37 				38 	
	186 		37 				38 	
	186 		37 				38 	
	186 		37 				38 	
	186 		37 				38 	
	186 		37 				38 	
	186 		37 				38 	
	186 		37 				38 	
	186 		37 				38 	
	186 		37 				38 	
	186 		37 				38 	
	186 		37 				38 	
	186 		37 				38 	
	186 		37 				38 	
	186 		37 				38 	
	186 		37 				38 	
	186 		37 				38 	
	186 		37 				38 	
	186 		37 				38 	
	186 		37 				38 	
	186 		37 				38 	
	186 		37 				38 	
	186 		37 				38 	
	186 		37 				38 	
	186 		37 				38 	
	186 		37 				38 	
	186 		37 				38 	
	186 		37 				38 	
	186 		37 				38 	
	186 		37 				38 	
	186 		37 				38 	
	186 		37 				38 	
	186 		37 				38 	
	186 		37 				38 	
	186 		37 				38 	
	186 		37 				38 	
	186 		37 				38 	
	186 		37 				38 	
	186 		37 				38 	
	186 		37 				38 	
	186 		37 				38 	
	186 		37 				38 	
	186 		37 				38 	
	186 		37 				38 	
	186 		37 				38 	
	186 		37 				38 	
	186 		37 				38 	
	186 		37 				38 	
	186 		37 				38 	
	186 		37 				38 	
	186 		37 				38 	
	186 		37 				38 	
	186 		37 				38 	
	186 		37 				38 	
	186 		37 				38 	
	186 		37 					
	186 		37 					
	186 		37 					
	186 		37 					
	186 		37 					
	186 		37 					
	186 		37 					
	186 		37 					
	186 		37 					
	186 		37 					
	186 		37 					
	186 		37 					
	186 		37 					
	186 		37 					
	186 		37 					
	186 		37 					
	186 		37 					
	186 		37 					
	186 		37 					
	186 		37 					
	186 		37 					
	186 		37 					
	186 		37 					
	186 		37 					
	186 		37 					
	186 		37 					
	186 		37 					
	186 		37 					
	186 		37 					
	186 		37 					
	186 		37 					
	186 		37 					
	186 		37 					
	186 		37 					
	186 		37 					
	186 		37 					
	186 		37 					
	186 		37 					
	186 		37 					
	186 		37 					
	186 		37 					
	186 		37 					
	186 		37 					
	186 		37 					
	186 		37 					
	186 		37 					
	186 		37 					
	186 		37 					
	186 		37 					
	186 		37 					
	186 		37 					
	186 		37 					
	186 		37 					
	186 		37 					
	186 		37 					
	186 		37 					
	186 		37 					
	186 		37 					
	186 		37 					
	186 		37 					
	186 		37 					
	186 		37 					
	186 		37 					
	186 		37 					
	186 		37 					
	186 		37 					
	186 		37 					
	186 		37 					
	186 		37 					
	186 		37 					
	186 		37 					
	186 		37 					
	186 		37 					
	186 		37 					
	186 		37 					
	186 		37 					
	186 		37 					
	186 		37 					
	186 		37 					
	186 		37 					
	186 		37 					
	186 		37 					
	186 		37 					
	186 		37 					
	186 		37 					
	186 		37 					
	186 		37 					
	186 		37 					
	186 		37 					
	186 		37 					
	186 		37 					
	186 		37 					
	186 		37 					
	186 		37 					
	186 		37 					
	186 		37 					
	186 		37 					
	186 		37 					
	186 		37 					
	186 		37 					
	186 		37 					
	186 		37 					
	186 		37 					
	186 		37 					
	186 		37 					
	186 		37 					
	186 		37 					
	186 		37 					
	186 		37 					
	186 		37 					
	186 		37 					
	186 		37 					
	186 		37 					
	186 		37 					
	186 		37 					
	186 		37 					
	186 		37 					
	186 		37 					
	186 		37 					
	186 		37 					
	186 		37 					
	186 		37 					
	186 		37 					
	186 		37 					
	186 		37 					
	186 		37 					
	186 		37 					
	186 		37 					
	186 		37 					
	186 		37 					
	186 		37 					
	186 		37 					
	186 		37 					
	186 		37 					
	186 		37 					
	186 		37 					
	186 		37 					
	186 		37 					
	186 		37 					
	186 		37 					
	186 		37 					
	186 		37 					
	186 		37 					
	186 		37 					
	186 		37 					
	186 		37 					
	186 		37 					
	186 		37 					
	186 		37 					
	186 		37 					
	186 		37 					
	186 		37 					
	186 		37 					
	186 		37 					
	186 		37 					
	186 		37 					
	186 		37 					
	186 		37 					
	186 		37 					
	186 		37 					
	186 		37 					
	186 		37 					
	186 		37 					
	186 		37 					
	186 		37 					
	186 		37 					
	186 		37 					
	186 		37 					
	186 		37 					
	186 		37 					
	186 		37 					
	186 		37 					
	186 		37 					
	186 		37 					
	186 		37 					
	186 		37 					
	186 		37 					
	186 		37 					
	186 		37 					
	186 		37 					
	186 		37 					
	186 		37 					
	186 		37 					
	186 		37 					
	186 		37 					
	186 		37 					
	186 		37 					
	186 		37 					
	186 		37 					
	186 		37 					
	186 		37 					
	186 		37 					
	186 		37 					
	186 		37 					
	186 		37 					
	186 		37 					
	186 		37 					
	186 		37 					
	186 		37 					
	186 		37 					
	186 		37 					
	186 		37 					
	186 		37 					
	186 		37 					
	186 		37 					
	186 		37 					
	186 		37 					
	186 		37 					
	186 		37 					
	186 		37 					
	186 		37 					
	186 		37 					
	186 		37 					
	186 		37 					
	186 		37 					
	186 		37 					
	186 		37 					
	186 		37 					
	186 		37 					
	186 		37 					
	186 		37 					
	186 		37 					
	186 							
	186 							
	186 							
	186 							
	186 							
	186 							
	186 							
	186 							
	186 							
	186 							
	186 							
	186 							
	186 							
	186 							
	186 							
	186 							
	186 							
	186 							
	186 							
	186 							
	186 							
	186 							
	186 							
	186 							
	186 							
	186 							
	186 							
	186 							
	186 							
	186 							
	186 							
	186 							
	186 							
	186 							
	186 							
	186 							
	186 							
	186 							
	186 							
	186 							
	186 							
	186 							
	186 							
	186 							
	186 							
	186 							
	186 							
	186 							
	186 							
	186 							
	186 							
	186 							
	186 							
	186 							
	186 							
	186 							
	186 							
	186 							
	186 							
	186 							
	186 							
	186 							
	186 							
	186 							
	186 							
	186 							
	186 							
	186 							
	186 							
	186 							
	186 							
	186 							
	186 							
	186 							
	186 							
	186 							
	186 							
	186 							
	186 							
	186 							
	186 							
	186 							
	186 							
	186 							
	186 							
	186 							
	186 							
	186 							
	186 							
	186 							
	186 							
	186 							
	186 							
	186 							
	186 							
	186 							
	186 							
	186 							
	186 							
	186 							
	186 							
	186 							
	186 							
	186 							
	186 							
	186 							
	186 							
	186 							
	186 							
	186 							
	186 							
	186 							
	186 							
	186 							
	186 							
	186 							
	186 							
	186 							
	186 							
	186 							
	186 							
	186 							
	186 							
	186 							
	186 							
	186 							
	186 							
	186 							
	186 							
	186 							
	186 							
	186 							
	186 							
	186 							
	186 							
	186 							
	186 							
	186 							
	186 							
	186 							
	186 							
	186 							
	186 							
	186 							
	186 							
	186 							
	186 							
	186 							
	186 							
	186 							
	186 							
	186 							
	186 							
	186 							
	186 							
	186 							
	186 							
	186 							
	186 							
	186 							
	186 							
	186 							
	186 							
	186 							
	186 							
	186 							
	186 							
	186 							
	186 							
	186 							
	186 							
	186 							
	186 							
	186 							
	186 							
	186 							
	186 							
	186 							
	186 							
	186 							
	186 							
	186 							
	186 							
	186 							
	186 							
	186 							
	186 							
	186 							
	186 							
	186 							
	186 							
	186 							
	186 							
	186 							
	186 							
	186 							
	186 							
	186 							
	186 							
	186 							
	186 							
	186 							
	186 							
	186 							
	186 							
	186 							
	186 							
	186 							
	186 							
	186 							
	186 							
	186 							
	186 							
	186 							
	186 							
	186 							
	186 							
	186 							
	186 							
	186 							
	186 							
	186 							
	186 							
	186 							
	186 							
	186 							
	186 							
	186 							
	186 							
	186 							
	186 							
	186 							
	186 							
	186 							
	186 							
	186 							
	186 							
	186 							
	186 							
	186 							
	186 							
	186 							
	186 							
	186 							
	186 							
	186 							
	186 							
	186 							
	186 							
	186 							
	186 							
	186 							
	186 							
	186 							
	186 							
	186 							
	186 							
	186 							
	186 							
	186 							
	186 							
	186 							
	186 							
	186 							
	186 							
	186 							
	186 							
	186 							
	186 							
	186 							
	186 							
	186 							
	186 							
	186 							
	186 							
	186 							
	186 							
	186 							
	186 							
	186 							
	186 							
	186 							
	186 							
	186 							
	186 							
	186 							
	186 							
	186 							
	186 							
	186 							
	186 							
	186 							
	186 							
	186 							
	186 							
	186 							
	186 							
	186 							
	186 							
	186 							
	186 							
	186 							
	186 							
	186 							
	186 							
	186 							
	186 							
	186 							
	186 							
	186 							
	186 							
	186 							
	186 							
	186 							
	186 							
	186 							
	186 							
	186 							
	186 							
	186 							
	186 							
	186 							
	186 							
	186 							
	186 							
	186 							
	186 							
	186 							
	186 							
	186 							
	186 							
	186 							
	186 							
	186 							
	186 							
	186 							
	186 							
	186 							
	186 							
	186 							
	186 							
	186 							
	186 							
	186 							
	186 							
	186 							
	186 							
	186 							
	186 							
	186 							
	186 							
	186 							
	186 							
	186 							
	186 							
	186 							
	186 							
	186 							
	186 							
	186 							
	186 							
	186 							
	186 							
	186 							
	186 							
	186 							
	186 							
	186 							
	186 							
	186 							
	186 							
	186 							
	186 							
	186 							
	186 							
	186 							
	186 							
	186 							
	186 							
	186 							
	186 							
	186 							
	186 							
	186 							
	186 							
	186 							
	186 							
	186 							
	186 							
	186 							
	186 							
	186 							
	186 							
	186 							
	186 							
	186 							
	186 							
	186 							
	186 							
	186 							
	186 							
	186 							
	186 							
	186 							
	186 							
	186 							
	186 							
	186 							
	186 							
	186 							
	186 							
	186 							
	186 							
	186 							
	186 							
	186 							
	186 							
	186 							
	186 							
	186 							
	186 							
	186 							
	186 							
	186 							
	186 							
	186 							
	186 							
	186 							
	186 							
	186 							
	186 							
	186 							
	186 							
	186 							
	186 							
	186 							
	186 							
	186 							
	186 							
	186 							
	186 							
	186 							
	186 							
	186 							
	186 							
	186 							
	186 							
	186 							
	186 							
	186 							
	186 							
	186 							
	186 							
	186 							
	186 							
	186 							
	186 							
	186 							
	186 							
	186 							
	186 							
	186 							
	186 							
	186 							
	186 							
	186 							
	186 							
	186 							
	186 							
	186 							
	186 							
	186 							
	186 							
	186 							
	186 							
	186 							
	186 							
	186 							
	186 							
	186 							
	186 							
	186 							
	186 							
	186 							
	186 							
	186 							
	186 							
	186 							
	186 							
	186 							
	186 							
	186 							
	186 							
	186 							
	186 							
	186 							
	186 							
	186 							
	186 							
	186 							
	186 							
	186 							
	186 							
	186 							
	186 							
	186 							
	186 							
	186 							
	186 							
	186 							
	186 							
	186 							
	186 							
	186 							
	186 							
	186 							
	186 							
	186 							
	186 							
	186 							
	186 							
	186 							
	186 							
	186 							
	186 							
	186 							
	186 							
	186 							
	186 							
	186 							
	186 							
	186 							
	186 							
	186 							
	186 							
	186 							
	186 							
	186 							
	186 							
	186 							
	186 							
	186 							
	186 							
	186 							
	186 							
	186 							
	186 							
	186 							
	186 							
	186 							
	186 							
	186 							
	186 							
	186 							
	186 							
	186 							
	186 							
	186 							
	186 							
	186 							
	186 							
	186 							
	186 							
	186 							
	186 							
	186 							
	186 							
	186 							
	186 							
	186 							
	186 							
	186 							
	186 							
	186 							
	186 							
	186 							
	186 							
	186 							
	186 							
	186 							
	186 							
	186 							
	186 							
	186 							
	186 							
	186 							
	186 							
	186 							
	186 							
	186 							
	186 							
	186 							
	186 							
	186 							
	186 							
	186 							
	186 							
	186 							
	186 							
	186 							
	186 							
	186 							
	186 							
	186 							
	186 							
	186 							
	186 							
	186 							
	186 							
	186 							
	186 							
	186 							
	186 							
	186 							
	186 							
	186 							
	183 							
	183 							
	183 							
	183 							
	183 							
	183 							
	183 							
	183 							
	183 							
	183 							
	183 							
	183 							
	183 							
	183 							
	183 							
	183 							
	183 							
	183 							
	183 							
	183 							
	183 							
	183 							
	183 							
	183 							
	183 							
	183 							
	183 							
	183 							
	183 							
	183 							
	183 							
	183 							
	183 							
	183 							
	183 							
	183 							
	183 							
	183 							
	183 							
	183 							
	183 							
	183 							
	183 							
	183 							
	183 							
	183 							
	183 							
	183 							
	183 							
	183 							
	183 							
	183 							
	183 							
	183 							
	183 							
	183 							
	183 							
	183 							
	183 							
	183 							
	183 							
	183 							
	183 							
	183 							
	183 							
	183 							
	183 							
	183 							
	183 							
	183 							
	183 							
	183 							
	183 							
	183 							
	183 							
	183 							
	183 							
	183 							
	183 							
	183 							
	183 							
	183 							
	183 							
	183 							
	183 							
	183 							
	183 							
	183 							
	183 							
	183 							
	183 							
	183 							
	183 							
	183 							
	183 							
	183 							
	183 							
	183 							
	183 							
	183 							
	183 							
	183 							
	183 							
	183 							
	183 							
	183 							
	183 							
	183 							
	183 							
	183 							
	183 							
	183 							
	183 							
	183 							
	183 							
	183 							
	183 							
	183 							
	183 							
	183 							
	183 							
	183 							
	183 							
	183 							
	183 							
	183 							
	183 							
	183 							
	183 							
	183 							
	183 							
	183 							
	183 							
	183 							
	183 							
	183 							
	183 							
	183 							
	183 							
	183 							
	183 							
	183 							
	183 							
	183 							
	183 							
	183 							
	183 							
	183 							
	183 							
	183 							
	183 							
	183 							
	183 							
	183 							
	183 							
	183 							
	183 							
	183 							
	183 							
	183 							
	183 							
	183 							
	183 							
	183 							
	183 							
	183 							
	183 							
	183 							
	183 							
	183 							
	183 							
	183 							
	183 							
	183 							
	183 							
	183 							
	183 							
	183 							
	183 							
	183 							
	183 							
	183 							
	183 							
	183 							
	183 							
	183 							
	183 							
	183 							
	183 							
	183 							
	183 							
	183 							
	183 							
	183 							
	183 							
	183 							
	183 							
	183 							
	183 							
	183 							
	183 							
	183 							
	183 							
	183 							
	183 							
	183 							
	183 							
	183 							
	183 							
	183 							
	183 							
	183 							
	183 							
	183 							
	183 							
	183 							
	183 							
	183 							
	183 							
	183 							
	183 							
	183 							
	183 							
	183 							
	183 							
	183 							
	183 							
	183 							
	183 							
	183 							
	183 							
	183 							
	183 							
	183 							
	183 							
	183 							
	183 							
	183 							
	183 							
	183 							
	183 							
	183 							
	183 							
	183 							
	183 							
	183 							
	183 							
	183 							
	183 							
	183 							
	183 							
	183 							
	183 							
	183 							
	183 							
	183 							
	183 							
	183 							
	183 							
	183 							
	183 							
	183 							
	183 							
	183 							
	183 							
	183 							
	183 							
	183 							
	183 							
	183 							
	183 							
	183 							
	183 							
	183 							
	183 							
	183 							
	183 							
	183 							
	183 							
	183 							
	183 							
	183 							
	183 							
	183 							
	183 							
	183 							
	183 							
	183 							
	183 							
	183 							
	183 							
	183 							
	183 							
	183 							
	183 							
	183 							
	183 							
	183 							
	183 							
	183 							
	183 							
	183 							
	183 							
	183 							
	183 							
	183 							
	183 							
	183 							
	183 							
	183 							
	183 							
	183 							
	183 							
	183 							
	183 							
	183 							
	183 							
	183 							
	183 							
	183 							
	183 							
	183 							
	183 							
	183 							
	183 							
	183 							
	183 							
	183 							
	183 							
	183 							
	183 							
	183 							
	183 							
	183 							
	183 							
	183 							
	183 							
	183 							
	183 							
	183 							
	183 							
	183 							
	183 							
	183 							
	183 							
	183 							
	183 							
	183 							
	183 							
	183 							
	183 							
	183 							
	183 							
	183 							
	183 							
	183 							
	183 							
	183 							
	183 							
	183 							
	183 							
	183 							
	183 							
	183 							
	183 							
	183 							
	183 							
	183 							
	183 							
	183 							
	183 							
	183 							
	183 							
	183 							
	183 							
	183 							
	183 							
	183 							
	183 							
	183 							
	183 							
	183 							
	183 							
	183 							
	183 							
	183 							
	183 							
	183 							
	183 							
	183 							
	183 							
	183 							
	183 							
	183 							
	183 							
	183 							
	183 							
	183 							
	183 							
	183 							
	183 							
	183 							
	183 							
	183 							
	183 							
	183 							
	183 							
	183 							
	183 							
	183 							
	183 							
	183 							
	183 							
	183 							
	183 							
	183 							
	183 							
	183 							
	183 							
	183 							
	183 							
	183 							
	183 							
	183 							
	183 							
	183 							
	183 							
	183 							
	183 							
	183 							
	183 							
	183 							
	183 							
	183 							
	183 							
	183 							
	183 							
	183 							
	183 							
	183 							
	183 							
	183 							
	183 							
	183 							
	183 							
	183 							
	183 							
	183 							
	183 							
	183 							
	183 							
	183 							
	183 							
	183 							
	183 							
	183 							
	183 							
	183 							
	183 							
	183 							
	183 							
	183 							
	183 							
	183 							
	183 							
	183 							
	183 							
	183 							
	183 							
	183 							
	183 							
	183 							
	183 							
	183 							
	183 							
	183 							
	183 							
	183 							
	183 							
	183 							
	183 							
	183 							
	183 							
	183 							
	183 							
	183 							
	183 							
	183 							
	183 							
	183 							
	183 							
	183 							
	183 							
	183 							
	183 							
	183 							
	183 							
	183 							
	183 							
	183 							
	183 							
	183 							
	183 							
	183 							
	183 							
	183 							
	183 							
	183 							
	183 							
	183 							
	183 							
	183 							
	183 							
	183 							
	183 							
	183 							
	183 							
	183 							
	183 							
	183 							
	183 							
	183 							
	183 							
	183 							
	183 							
	183 							
	183 							
	183 							
	183 							
	183 							
	183 							
	183 							
	183 							
	183 							
	183 							
	183 							
	183 							
	183 							
	183 							
	183 							
	183 							
	183 							
	183 							
	183 							
	183 							
	183 							
	183 							
	183 							
	183 							
	183 							
	183 							
	183 							
	183 							
	183 							
	183 							
	183 							
	183 							
	183 							
	183 							
	183 							
	183 							
	183 							
	183 							
	183 							
	183 							
	183 							
	183 							
	183 							
	183 							
	183 							
	183 							
	183 							
	183 							
	183 							
	183 							
	183 							
	183 							
	183 							
	183 							
	183 							
	183 							
	183 							
	183 							
	183 							
	183 							
	183 							
	183 							
	183 							
	183 							
	183 							
	183 							
	183 							
	183 							
	183 							
	183 							
	183 							
	183 							
	183 							
	183 							
	183 							
	183 							
	183 							
	183 							
	183 							
	183 							
	183 							
	183 							
	183 							
	183 							
	183 							
	183 							
	183 							
	183 							
	183 							
	183 							
	183 							
	183 							
	183 							
	183 							
	183 							
	183 							
	183 							
	183 							
	183 							
	183 							
	183 							
	183 							
	183 							
	183 							
	183 							
	183 							
	183 							
	183 							
	183 							
	183 							
	183 							
	183 							
	183 							
	183 							
	183 							
	183 							
	183 							
	183 							
	183 							
	183 							
	183 							
	183 							
	183 							
	183 							
	183 							
	183 							
	183 							
	183 							
	183 							
	183 							
	183 							
	183 							
	183 							
	183 							
	183 							
	183 							
	183 							
	183 							
	183 							
	183 							
	183 							
	183 							
	183 							
	183 							
	183 							
	183 							
	183 							
	183 							
	183 							
	183 							
	183 							
	183 							
	183 							
	183 							
	183 							
	183 							
	183 							
	183 							
	183 							
	183 							
	183 							
	183 							
	183 							
	183 							
	183 							
	183 							
	183 							
	183 							
	183 							
	183 							
	183 							
	183 							
	183 							
	183 							
	183 							
	183 							
	183 							
	183 							
	183 							
	183 							
	183 							
	183 							
	183 							
	183 							
	183 							
	183 							
	183 							
	183 							
	183 							
	183 							
	183 							
	183 							
	183 							
	183 							
	183 							
	183 							
	183 							
	183 							
	183 							
	183 							
	183 							
	183 							
	183 							
	183 							
	183 							
	183 							
	183 							
	183 							
	183 							
	183 							
	183 							
	183 							
	183 							
	183 							
	183 							
	183 							
	183 							
	183 							
	183 							
	183 							
	183 							
	183 							
	183 							
	183 							
	183 							
	183 							
	183 							
	183 							
	183 							
	183 							
	183 							
	183 							
	183 							
	183 							
	183 							
	183 							
	183 							
	183 							
	183 							
	183 							
	183 							
	183 							
	183 							
	183 							
	183 							
	183 							
	183 							
	183 							
	183 							
	183 							
	183 							
	183 							
	183 							
	183 							
	183 							
	183 							
	183 							
	183 							
	183 							
	183 							
	183 							
	183 							
	183 							
	183 							
	183 							
	183 							
	183 							
	183 							
	183 							
	183 							
	183 							
	183 							
	183 							
	183 							
	183 							
	183 							
	183 							
	183 							
	183 							
	183 							
	183 							
	183 							
	183 							
	183 							
	183 							
	183 							
	183 							
	183 							
	183 							
	183 							
	183 							
	183 							
	183 							
	183 							
	183 							
	183 							
	183 							
	183 							
	183 							
	183 							
	183 							
	183 							
	183 							
	183 							
	183 							
	183 							
	183 							
	183 							
	183 							
	183 							
	183 							
	183 							
	183 							
	183 							
	183 							
	183 							
	183 							
	183 							
	183 							
	183 							
	183 							
	183 							
	183 							
	183 							
	183 							
	183 							
	183 							
	183 							
	183 							
	183 							
	183 							
	183 							
	183 							
	183 							
	183 							
	183 							
	183 							
	183 							
	183 							
	183 							
	183 							
	183 							
	183 							
	183 							
	183 							
	183 							
	183 							
	183 							
	183 							
	183 							
	183 							
	183 							
	183 							
	183 							
	183 							
	183 							
	183 							
	183 							
	183 							
	183 							
	183 							
	183 							
	183 							
	183 							
	183 							
	183 							
	183 							
	183 							
	183 							
	183 							
	183 							
	183 							
	183 							
	183 							
	183 							
	183 							
	183 							
	183 							
	183 							
	183 							
	183 							
	183 							
	183 							
	183 							
	183 							
	183 							
	183 							
	183 							
	183 							
	183 							
	183 							
	183 							
	183 							
	183 							
	183 							
	183 							
	183 							
	183 							
	183 							
	183 							
	183 							
	183 							
	183 							
	183 							
	183 							
	183 							
	183 							
	183 							
	183 							
	183 							
	183 							
	183 							
	183 							
	183 							
	183 							
	183 							
	183 							
	183 							
	183 							
	183 							
	183 							
	183 							
	183 							
	183 							
	183 							
	183 							
	183 							
	183 							
	183 							
	183 							
	183 							
	183 							
	183 							
	183 							
	183 							
	183 							
	183 							
	183 							
	183 							
	183 							
	183 							
	183 							
	183 							
	183 							
	183 							
	183 							
	183 							
	183 							
	183 							
	183 							
	183 							
	183 							
	183 							
	183 							
	183 							
	183 							
	183 							
	183 							
	183 							
	183 							
	183 							
	183 							
	183 							
	183 							
	183 							
	183 							
	183 							
	183 							
	183 							
	183 							
	183 							
	183 							
	183 							
	183 							
	183 							
	183 							
	183 							
	183 							
	183 							
	183 							
	183 							
	183 							
	183 							
	183 							
	183 							
	183 							
	183 							
	183 							
	183 							
	183 							
	183 							
	183 							
	183 							
	183 							
	183 							
	183 							
	183 							
	183 							
	183 							
	183 							
	183 							
	183 							
	183 							
	183 							
	183 							
	183 							
	183 							
	183 							
	183 							
	183 							
	183 							
	183 							
	183 							
	183 							
	183 							
	183 							
	183 							
	183 							
	183 							
	183 							
	183 							
	183 							
	183 							
	183 							
	183 							
	183 							
	183 							
	183 							
	183 							
	183 							
	183 							
	183 							
	183 							
	183 							
	183 							
	183 							
	183 							
	183 							
	183 							
	183 							
	183 							
	183 							
	183 							
	183 							
	183 							
	183 							
	183 							
	183 							
	183 							
	183 							
	183 							
	183 							
	183 							
	183 							
	183 							
	183 							
	183 							
	183 							
	183 							
	183 							
	183 							
	183 							
	183 							
	183 							
	183 							
	183 							
	183 							
	183 							
	183 							
	183 							
	183 							
	183 							
	183 							
	183 							
	183 							
	183 							
	183 							
	183 							
	183 							
	183 							
	183 							
	183 							
	183 							
	183 							
	183 							
	183 							
	183 							
	183 							
	183 							
	183 							
	183 							
	183 							
	183 							
	183 							
	183 							
	183 							
	183 							
	183 							
	183 							
	183 							
	183 							
	183 							
	183 							
	183 							
	183 							
	183 							
	183 							
	183 							
	183 							
	183 							
	183 							
	183 							
	183 							
	183 							
	183 							
	183 							
	183 							
	183 							
	183 							
	183 							
	183 							
	183 							
	183 							
	183 							
	183 							
	183 							
	183 							
	183 							
	183 							
	183 							
	183 							
	183 							
	183 							
	183 							
	183 							
	183 							
	183 							
	183 							
	183 							
	183 							
	183 							
	183 							
	183 							
	183 							
	183 							
	183 							
	183 							
	183 							
	183 							
	183 							
	183 							
	183 							
	183 							
	183 							
	183 							
	183 							
	183 							
	183 							
	183 							
	183 							
	183 							
	183 							
	183 							
	183 							
	183 							
	183 							
	183 							
	183 							
	183 							
	183 							
	183 							
	183 							
	183 							
	183 							
	183 							
	183 							
	183 							
	183 							
	183 							
	183 							
	183 							
	183 							
	183 							
	183 							
	183 							
	183 							
	183 							
	183 							
	183 							
	183 							
	183 							
	183 							
	183 							
	183 							
	183 							
	183 							
	183 							
	183 							
	183 							
	183 							
	183 							
	183 							
	183 							
	183 							
	183 							
	183 							
	183 							
	183 							
	183 							
	183 							
	183 							
	183 							
	183 							
	183 							
	183 							
	183 							
	183 							
	183 							
	183 							
	183 							
	183 							
	183 							
	183 							
	183 							
	183 							
	183 							
	183 							
	183 							
	183 							
	183 							
	183 							
	183 							
	183 							
	183 							
	183 							
	183 							
	183 							
	183 							
	183 							
	183 							
	183 							
	183 							
	183 							
	183 							
	183 							
	183 							
	183 							
	183 							
	183 							
	183 							
	183 							
	183 							
	183 							
	183 							
	183 							
	183 							
	183 							
	183 							
	183 							
	183 							
	183 							
	183 							
	183 							
	183 							
	183 							
	183 							
	183 							
	183 							
	183 							
	183 							
	183 							
	183 							
	183 							
	183 							
	183 							
	183 							
	183 							
	183 							
	183 							
	183 							
	183 							
	183 							
	183 							
	183 							
	183 							
	183 							
	183 							
	183 							
	183 							
	183 							
	183 							
	183 							
	154 							
	154 							
	154 							
	154 							
	154 							
	154 							
	154 							
	154 							
	154 							
	154 							
	154 							
	154 							
	154 							
	154 							
	154 							
	154 							
	154 							
	154 							
	154 							
	154 							
	154 							
	154 							
	154 							
	154 							
	154 							
	154 							
	154 							
	154 							
	154 							
	154 							
	154 							
	154 							
	154 							
	154 							
	154 							
	154 							
	154 							
	154 							
	154 							
	154 							
	154 							
	154 							
	154 							
	152 							
	152 							
	152 							
	152 							
	152 							
	152 							
	152 							
	152 							
	152 							
	152 							
	152 							
	152 							
	152 							
	152 							
	152 							
	152 							
	152 							
	152 							
	152 							
	152 							
	152 							
	152 							
	152 							
	152 							
	152 							
	152 							
	152 							
	152 							
	152 							
	152 							
	152 							
	152 							
	152 							
	152 							
	152 							
	152 							
	152 							
	152 							
	152 							
	152 							
	152 							
	152 							
	152 							
	152 							
	152 							
	152 							
	152 							
	152 							
	152 							
	152 							
	148 							
	79 							
	79 							
	79 							
	79 							
	79 							
	8 							
