amazonEcho	belkinMotion	blipcareBP	BabyMonitor	laptop	LIFXlighbulb	Netatmo	sleepSensor	tribySpeaker
4837 	18139 	0	0	41512 	765 	2016 	16749 	719 
4831 	9650 			41318 	548 	952 	16730 	300 
4817 	9613 			41019 	366 	952 	16729 	48 
4805 	3613 			33570 	48 	952 	16728 	48 
4798 	3356 			32852 	48 	952 	12437 	48 
4769 	1848 			27020 	48 	930 	11209 	48 
4769 	659 			25037 	48 	930 	9303 	40 
4768 	659 			24932 	48 	930 	9293 	33 
4749 	244 			24124 	48 	790 	4896 	
4747 	244 			23045 	48 	729 	3801 	
4746 	244 			23021 	48 	729 	3277 	
4725 	244 			22758 	48 	729 	3269 	
2975 	244 			21973 	48 	729 	3124 	
2975 	244 			21915 	48 	729 	3063 	
2975 	244 			21807 	48 	729 	2645 	
2975 	244 			18967 	48 	729 	2542 	
2959 	244 			17997 	48 	729 	1683 	
2959 	244 			17303 	48 	729 	1683 	
2959 	244 			17276 	48 	729 	1683 	
2959 	244 			17179 	48 	729 	1508 	
2959 	244 			15894 	48 	729 	1508 	
2959 	244 			15611 	48 	729 	863 	
2959 	244 			15342 	48 	729 	750 	
2959 	244 			15117 	48 	729 	747 	
2959 	244 			15091 	48 	729 	666 	
2959 	244 			14966 	48 	729 	660 	
2959 	244 			14615 	48 	659 	656 	
2959 	244 			14591 	48 	658 	637 	
2959 	244 			14452 	48 	658 	579 	
2959 	244 			14332 	48 	313 	573 	
2959 	244 			14251 	48 	307 	552 	
2959 	244 			14040 	48 	280 	552 	
2959 	244 			13779 	48 	270 	477 	
2959 	244 			13464 	48 	224 	300 	
2959 	244 			13147 	48 	224 	289 	
2959 	244 			12985 	48 	224 	289 	
2959 	244 			12753 	48 	224 	289 	
2959 	244 			12685 	48 	224 	289 	
2959 	244 			12541 	48 	224 	289 	
2959 	244 			12008 	48 	183 	289 	
2959 	244 			11791 	48 	183 	289 	
2959 	244 			11763 	48 	183 	289 	
2959 	244 			11714 	48 	183 	289 	
2959 	244 			11345 	48 	168 	289 	
2959 	244 			11057 	48 	168 	289 	
2959 	244 			10718 	48 	168 	289 	
2959 	244 			10347 	48 	168 	289 	
2959 	244 			10311 	48 	168 	289 	
2959 	244 			10070 	48 	112 	289 	
2959 	244 			9949 	48 	72 	284 	
2959 	244 			9671 	48 	72 	284 	
2959 	244 			9609 	48 	72 	284 	
2959 	244 			8924 	48 	72 	284 	
2959 	244 			8643 	48 	72 	284 	
2959 	244 			8112 	48 	72 	284 	
2959 	244 			8076 	48 	72 	284 	
2959 	244 			7925 	48 	48 	284 	
2959 	244 			7675 	48 	48 	284 	
2959 	244 			7545 	48 	48 	284 	
2959 	244 			7304 	48 	48 	284 	
2959 	244 			7230 	48 	48 	284 	
2959 	244 			7216 	48 	48 	284 	
2959 	244 			7156 	48 	48 	284 	
2959 	244 			7132 	48 	48 	284 	
2959 	244 			7117 	48 	48 	282 	
2959 	228 			7113 	48 	48 	282 	
2959 	227 			7113 	48 	48 	282 	
2959 	227 			6994 	48 	48 	282 	
2959 	227 			6962 	48 	48 	282 	
735 	227 			6863 	48 	48 	282 	
735 	227 			6825 	48 	48 	282 	
735 	227 			6624 	48 	48 	282 	
735 	227 			6552 	48 	48 	282 	
735 	227 			6545 	48 	48 	282 	
735 	227 			6533 	48 	48 	282 	
735 	227 			6456 	48 	48 	282 	
735 	227 			6447 	48 	48 	282 	
735 	227 			6404 	48 	48 	282 	
735 	227 			6346 	48 	48 	282 	
735 	227 			6255 	48 	48 	222 	
735 	227 			6212 	48 	48 	222 	
560 	227 			6149 	48 	48 	222 	
517 	227 			6108 	48 	48 	222 	
517 	227 			6026 	48 	48 	222 	
517 	227 			6026 	48 	48 	222 	
517 	227 			6026 	48 	48 	222 	
517 	227 			6026 	48 	48 	222 	
517 	227 			6026 	48 	48 	222 	
517 	227 			6026 	48 	48 	222 	
517 	227 			6026 	48 	48 	222 	
517 	227 			6026 	48 	48 	222 	
517 	227 			6026 	48 	48 	222 	
517 	227 			6026 	48 	48 	222 	
517 	227 			6026 	48 	48 	222 	
517 	227 			6026 	48 	48 	222 	
454 	227 			6026 	48 	48 	222 	
280 	227 			6026 	48 	48 	222 	
280 	227 			6026 	48 	48 	222 	
159 	227 			6026 	48 	48 	222 	
149 	227 			6026 	48 	48 	222 	
123 	227 			6026 	48 	48 	222 	
96 	227 			6026 	48 	48 	222 	
96 	227 			6026 	48 	48 	222 	
96 	227 			6026 	48 	48 	222 	
80 	227 			6026 	48 	48 	222 	
48 	227 			6026 	48 	48 	222 	
48 	227 			6026 	48 	48 	222 	
48 	227 			6026 	48 	48 	222 	
48 	227 			6026 	48 	48 	222 	
48 	227 			6026 	48 	48 	183 	
48 	227 			6026 	48 	48 	183 	
48 	227 			6026 	48 	48 	183 	
48 	204 			6026 	48 	48 	183 	
48 	204 			6026 	48 	46 	183 	
48 	202 			6026 	48 	46 	183 	
48 	198 			6026 	48 	46 	183 	
48 	198 			6026 	30 	46 	183 	
48 	198 			6026 	30 	46 	183 	
48 	198 			6026 	30 	45 	183 	
48 	198 			6026 	30 	45 	183 	
48 	198 			6026 	30 	45 	183 	
48 	198 			6026 	30 	45 	183 	
48 	198 			6026 	30 	44 	183 	
48 	198 			6026 	30 	44 	183 	
48 	198 			6026 	30 	43 	183 	
48 	198 			6026 	30 	43 	183 	
48 	198 			6026 	30 	39 	183 	
48 	198 			6026 	30 	39 	183 	
48 	198 			6026 	30 	39 	183 	
48 	198 			6026 	30 	39 	183 	
48 	198 			6026 	30 	39 	183 	
48 	198 			6026 	30 	39 	183 	
48 	198 			6026 	30 	39 	183 	
48 	198 			6026 	30 	39 	183 	
48 	198 			6026 	30 	37 	183 	
48 	198 			6026 	30 	37 	183 	
48 	198 			6026 	30 	37 	183 	
48 	198 			6026 	30 	37 	183 	
48 	198 			6026 	30 	36 	183 	
48 	198 			6026 	30 	36 	38 	
48 	198 			5974 	30 	36 	38 	
48 	198 			5884 	30 	36 	38 	
48 	198 			5854 	30 	36 	38 	
48 	198 			5825 	30 	36 	38 	
48 	198 			5723 	30 	36 	38 	
48 	198 			5656 	30 	36 	38 	
48 	198 			5650 	30 	36 	38 	
48 	198 			5618 	30 	36 	38 	
48 	198 			5618 	30 	36 	38 	
48 	198 			5576 	30 	36 	38 	
48 	198 			5567 	30 	36 	38 	
48 	198 			5487 	30 	33 	38 	
48 	198 			5476 	30 	33 	38 	
48 	198 			5437 	30 	33 	38 	
48 	198 			5378 	30 	33 	38 	
48 	198 			5363 	30 	32 	38 	
48 	198 			5336 	30 	32 	38 	
48 	198 			5320 	30 	32 	38 	
48 	198 			5313 	30 	32 	38 	
48 	198 			5280 	30 	32 	38 	
48 	198 			5267 	30 	32 	38 	
48 	198 			5258 	30 	32 	38 	
48 	198 			5198 	30 	32 	38 	
48 	198 			5124 	30 	32 	38 	
48 	198 			5094 	30 	32 	38 	
48 	198 			5061 	30 	32 	38 	
48 	198 			5058 	30 	32 	38 	
48 	198 			5027 	30 	32 	38 	
48 	198 			5001 	30 	32 	38 	
48 	198 			4995 	30 	32 	38 	
48 	198 			4989 	30 	32 	38 	
48 	198 			4986 	30 	32 	38 	
48 	198 			4969 	30 	32 	38 	
48 	196 			4929 	30 	32 	38 	
48 	196 			4919 	30 	32 	38 	
48 	196 			4900 	30 	32 	38 	
48 	196 			4864 	30 	32 	38 	
48 	196 			4842 	30 	32 	38 	
48 	196 			4813 	30 	32 	38 	
48 	196 			4758 	30 	32 	38 	
48 	196 			4643 	30 	32 	38 	
48 	196 			4584 	30 	32 	38 	
48 	196 			4581 	30 	32 	38 	
48 	196 			4560 	30 		38 	
48 	196 			4546 	30 		38 	
48 	196 			4477 	30 		38 	
48 	196 			4456 	30 		38 	
48 	196 			4412 	30 		38 	
48 	196 			4394 	30 		38 	
48 	196 			4370 	30 		38 	
48 	196 			4362 	30 		38 	
48 	196 			4361 	30 		38 	
48 	196 			4332 	30 		38 	
48 	196 			4326 	30 		38 	
48 	196 			4289 	30 		38 	
48 	196 			4257 	30 		38 	
48 	196 			4249 	30 		38 	
48 	196 			4216 	30 		38 	
48 	196 			4215 	30 		38 	
48 	196 			4215 	30 		38 	
48 	196 			4164 	30 		38 	
48 	196 			4164 	30 		38 	
48 	196 			4142 	30 		38 	
48 	196 			4132 	30 		38 	
48 	196 			4132 	30 		38 	
48 	196 			4129 	30 		38 	
46 	196 			4129 	30 		38 	
46 	196 			4129 	30 		38 	
46 	196 			4126 	30 		38 	
46 	196 			4126 	30 		38 	
46 	196 			4091 	30 		38 	
46 	196 			4091 	30 		38 	
46 	196 			4091 	30 		38 	
46 	196 			4047 	30 		38 	
46 	196 			4035 	30 		38 	
46 	196 			4022 	30 		38 	
46 	196 			4002 	30 		38 	
46 	196 			3969 	30 		38 	
46 	196 			3967 	30 		38 	
46 	196 			3967 	30 		38 	
46 	196 			3965 	30 		38 	
46 	196 			3958 	30 		38 	
46 	196 			3922 	30 		38 	
46 	193 			3914 	30 		38 	
46 	193 			3873 	30 		38 	
46 	193 			3864 	30 		38 	
46 	193 			3861 	30 		38 	
46 	193 			3852 	30 		38 	
46 	193 			3826 	30 		38 	
46 	193 			3825 	30 		38 	
46 	193 			3786 	30 		38 	
46 	193 			3786 	30 		38 	
46 	193 			3786 	30 		38 	
46 	193 			3783 	30 		38 	
46 	193 			3773 	30 		38 	
46 	193 			3759 	30 		38 	
46 	193 			3753 	30 		38 	
46 	193 			3737 	30 		38 	
46 	193 			3733 	30 		38 	
46 	193 			3733 	30 		38 	
46 	193 			3724 	30 		38 	
46 	193 			3723 	30 		38 	
46 	193 			3719 	30 		38 	
46 	193 			3703 	30 		38 	
46 	193 			3694 	30 		38 	
46 	193 			3678 	30 		38 	
46 	193 			3678 	30 		38 	
46 	193 			3673 	30 		38 	
46 	193 			3666 	30 		38 	
46 	193 			3657 	30 		38 	
46 	193 			3640 	30 		38 	
46 	193 			3636 	30 		38 	
46 	193 			3634 	30 		38 	
46 	193 			3626 	30 		38 	
46 	193 			3615 	30 		38 	
46 	193 			3614 	30 		38 	
46 	193 			3609 	30 		38 	
46 	193 			3606 	30 		38 	
46 	193 			3596 	30 		38 	
46 	193 			3587 	30 		38 	
46 	193 			3582 	30 		38 	
46 	193 			3568 	30 		38 	
46 	193 			3543 	30 		38 	
46 	193 			3540 	30 		38 	
46 	193 			3525 	30 		38 	
46 	193 			3514 	30 		38 	
46 	193 			3498 	30 		38 	
46 	193 			3495 	30 		38 	
37 	193 			3494 	30 		38 	
33 	193 			3481 	30 		38 	
33 	193 			3465 	30 		38 	
33 	193 			3440 	30 		38 	
33 	193 			3430 	30 		38 	
33 	193 			3430 	30 		38 	
33 	193 			3428 	30 		38 	
33 	193 			3409 	30 			
33 	193 			3407 	30 			
33 	193 			3405 	30 			
33 	193 			3393 	30 			
33 	193 			3389 	30 			
33 	193 			3382 	30 			
31 	193 			3353 	30 			
	193 			3353 	30 			
	193 			3352 	30 			
	193 			3337 	30 			
	193 			3296 	30 			
	193 			3281 	30 			
	193 			3278 	30 			
	193 			3255 	30 			
	193 			3240 	30 			
	193 			3239 	30 			
	193 			3226 	30 			
	193 			3214 	30 			
	193 			3204 	30 			
	193 			3202 	30 			
	193 			3200 	30 			
	193 			3183 				
	193 			3181 				
	193 			3166 				
	193 			3165 				
	193 			3150 				
	193 			3135 				
	193 			3116 				
	193 			3112 				
	193 			3107 				
	193 			3099 				
	193 			3065 				
	193 			3055 				
	193 			3051 				
	193 			3049 				
	193 			3039 				
	193 			3011 				
	193 			2976 				
	193 			2959 				
	193 			2920 				
	193 			2870 				
	193 			2854 				
	193 			2849 				
	193 			2817 				
	193 			2815 				
	193 			2788 				
	193 			2779 				
	193 			2776 				
	193 			2776 				
	193 			2776 				
	193 			2776 				
	193 			2776 				
	193 			2776 				
	193 			2776 				
	193 			2776 				
	193 			2776 				
	193 			2776 				
	193 			2776 				
	193 			2744 				
	193 			2741 				
	193 			2741 				
	193 			2741 				
	193 			2741 				
	193 			2741 				
	193 			2741 				
	193 			2741 				
	193 			2741 				
	193 			2741 				
	193 			2738 				
	193 			2738 				
	193 			2738 				
	193 			2738 				
	193 			2738 				
	193 			2738 				
	193 			2738 				
	193 			2738 				
	193 			2738 				
	193 			2738 				
	193 			2738 				
	193 			2738 				
	193 			2738 				
	193 			2738 				
	193 			2738 				
	193 			2738 				
	193 			2738 				
	193 			2738 				
	193 			2738 				
	193 			2738 				
	193 			2734 				
	193 			2711 				
	193 			2684 				
	193 			2675 				
	193 			2670 				
	193 			2653 				
	193 			2652 				
	193 			2635 				
	193 			2624 				
	193 			2605 				
	193 			2604 				
	193 			2581 				
	193 			2577 				
	193 			2572 				
	193 			2558 				
	193 			2544 				
	193 			2543 				
	193 			2542 				
	193 			2542 				
	193 			2541 				
	193 			2540 				
	193 			2540 				
	193 			2540 				
	193 			2540 				
	193 			2540 				
	193 			2525 				
	193 			2524 				
	193 			2524 				
	193 			2523 				
	193 			2521 				
	193 			2521 				
	193 			2501 				
	193 			2488 				
	193 			2471 				
	193 			2448 				
	193 			2448 				
	193 			2427 				
	193 			2384 				
	193 			2347 				
	193 			2321 				
	193 			2316 				
	193 			2294 				
	193 			2292 				
	193 			2286 				
	193 			2284 				
	193 			2284 				
	193 			2283 				
	193 			2281 				
	193 			2267 				
	193 			2227 				
	193 			2202 				
	193 			2193 				
	193 			2180 				
	193 			2160 				
	193 			2130 				
	193 			2113 				
	193 			2081 				
	193 			2059 				
	193 			2058 				
	193 			2051 				
	193 			2036 				
	193 			2009 				
	193 			2000 				
	193 			1933 				
	193 			1918 				
	193 			1909 				
	193 			1861 				
	193 			1843 				
	193 			1842 				
	193 			1842 				
	193 			1841 				
	193 			1841 				
	193 			1836 				
	193 			1835 				
	193 			1834 				
	193 			1834 				
	193 			1834 				
	193 			1833 				
	193 			1833 				
	193 			1832 				
	193 			1832 				
	193 			1823 				
	193 			1823 				
	193 			1807 				
	193 			1805 				
	193 			1804 				
	193 			1804 				
	193 			1796 				
	193 			1780 				
	193 			1775 				
	193 			1775 				
	193 			1773 				
	193 			1773 				
	193 			1742 				
	193 			1742 				
	193 			1742 				
	193 			1742 				
	186 			1742 				
	186 			1742 				
	186 			1742 				
	186 			1742 				
	186 			1741 				
	186 			1741 				
	186 			1741 				
	186 			1741 				
	186 			1741 				
	186 			1741 				
	186 			1736 				
	186 			1731 				
	186 			1728 				
	186 			1713 				
	186 			1700 				
	186 			1669 				
	186 			1661 				
	186 			1658 				
	186 			1635 				
	186 			1613 				
	186 			1581 				
	186 			1544 				
	186 			1521 				
	186 			1443 				
	186 			1441 				
	186 			1428 				
	186 			1428 				
	186 			1426 				
	186 			1423 				
	186 			1423 				
	186 			1400 				
	186 			1391 				
	186 			1391 				
	186 			1391 				
	186 			1390 				
	186 			1388 				
	186 			1388 				
	186 			1388 				
	186 			1388 				
	186 			1388 				
	186 			1388 				
	186 			1388 				
	186 			1388 				
	186 			1388 				
	186 			1388 				
	186 			1388 				
	186 			1388 				
	186 			1388 				
	186 			1388 				
	186 			1388 				
	186 			1388 				
	186 			1388 				
	186 			1388 				
	186 			1388 				
	186 			1388 				
	186 			1388 				
	186 			1388 				
	186 			1388 				
	186 			1381 				
	186 			1367 				
	186 			1360 				
	186 			1360 				
	186 			1327 				
	186 			1312 				
	186 			1312 				
	186 			1312 				
	186 			1312 				
	186 			1312 				
	186 			1312 				
	186 			1312 				
	186 			1312 				
	186 			1312 				
	186 			1312 				
	186 			1312 				
	186 			1312 				
	186 			1312 				
	186 			1312 				
	186 			1312 				
	186 			1312 				
	186 			1312 				
	186 			1312 				
	186 			1312 				
	186 			1312 				
	186 			1312 				
	186 			1312 				
	186 			1312 				
	186 			1312 				
	186 			1312 				
	186 			1312 				
	186 			1312 				
	186 			1312 				
	186 			1312 				
	186 			1312 				
	186 			1312 				
	186 			1312 				
	186 			1312 				
	186 			1312 				
	186 			1312 				
	186 			1312 				
	186 			1312 				
	186 			1312 				
	186 			1312 				
	186 			1312 				
	186 			1312 				
	186 			1312 				
	186 			1312 				
	186 			1312 				
	186 			1312 				
	186 			1312 				
	186 			1312 				
	186 			1312 				
	186 			1312 				
	186 			1312 				
	186 			1312 				
	186 			1312 				
	186 			1312 				
	186 			1312 				
	186 			1312 				
	186 			1312 				
	186 			1312 				
	186 			1312 				
	186 			1312 				
	186 			1312 				
	186 			1312 				
	186 			1312 				
	186 			1312 				
	186 			1312 				
	186 			1312 				
	186 			1312 				
	186 			1312 				
	186 			1312 				
	186 			1312 				
	186 			1312 				
	186 			1312 				
	186 			1307 				
	186 			1291 				
	186 			1288 				
	186 			1280 				
	186 			1280 				
	186 			1272 				
	186 			1271 				
	186 			1249 				
	186 			1248 				
	186 			1229 				
	186 			1223 				
	186 			1220 				
	186 			1199 				
	186 			1197 				
	186 			1193 				
	186 			1191 				
	186 			1190 				
	186 			1186 				
	186 			1185 				
	186 			1178 				
	186 			1171 				
	186 			1162 				
	186 			1142 				
	186 			1142 				
	186 			1142 				
	186 			1142 				
	186 			1142 				
	186 			1142 				
	186 			1142 				
	186 			1142 				
	186 			1142 				
	186 			1142 				
	186 			1139 				
	186 			1139 				
	186 			1139 				
	186 			1139 				
	186 			1139 				
	186 			1139 				
	186 			1139 				
	186 			1139 				
	186 			1139 				
	186 			1139 				
	186 			1119 				
	186 			1119 				
	186 			1119 				
	186 			1116 				
	186 			1109 				
	186 			1109 				
	186 			1109 				
	186 			1109 				
	186 			1109 				
	186 			1104 				
	186 			1096 				
	186 			1081 				
	186 			1081 				
	186 			1070 				
	186 			1062 				
	186 			1060 				
	186 			1058 				
	186 			1055 				
	186 			1051 				
	186 			1044 				
	186 			1044 				
	186 			1036 				
	186 			1035 				
	186 			1003 				
	186 			1003 				
	186 			999 				
	186 			999 				
	186 			998 				
	186 			998 				
	186 			958 				
	186 			936 				
	186 			936 				
	186 			936 				
	186 			936 				
	186 			936 				
	186 			936 				
	186 			936 				
	186 			936 				
	186 			936 				
	186 			936 				
	186 			936 				
	186 			936 				
	186 			910 				
	186 			902 				
	186 			901 				
	186 			897 				
	186 			881 				
	186 			870 				
	186 			868 				
	186 			868 				
	186 			868 				
	186 			868 				
	186 			868 				
	186 			868 				
	186 			868 				
	186 			868 				
	186 			868 				
	186 			868 				
	186 			868 				
	186 			868 				
	186 			868 				
	186 			868 				
	186 			868 				
	186 			868 				
	186 			868 				
	186 			868 				
	186 			868 				
	186 			868 				
	186 			868 				
	186 			868 				
	186 			868 				
	186 			868 				
	186 			868 				
	186 			868 				
	186 			868 				
	186 			868 				
	186 			868 				
	186 			868 				
	186 			868 				
	186 			868 				
	186 			868 				
	186 			868 				
	186 			868 				
	186 			868 				
	186 			868 				
	186 			868 				
	186 			868 				
	186 			868 				
	186 			868 				
	186 			868 				
	186 			868 				
	186 			868 				
	186 			868 				
	186 			868 				
	186 			868 				
	186 			868 				
	186 			868 				
	186 			868 				
	186 			868 				
	186 			866 				
	186 			865 				
	186 			865 				
	186 			865 				
	186 			865 				
	186 			864 				
	186 			852 				
	186 			851 				
	186 			836 				
	186 			829 				
	186 			829 				
	186 			829 				
	186 			829 				
	186 			829 				
	186 			823 				
	186 			808 				
	186 			792 				
	186 			792 				
	186 			791 				
	186 			790 				
	186 			790 				
	186 			790 				
	186 			781 				
	186 			781 				
	186 			779 				
	186 			779 				
	186 			767 				
	186 			761 				
	186 			760 				
	186 			735 				
	186 			731 				
	186 			717 				
	186 			717 				
	186 			717 				
	186 			717 				
	186 			717 				
	186 			717 				
	186 			717 				
	186 			717 				
	186 			717 				
	186 			717 				
	186 			711 				
	186 			711 				
	186 			711 				
	186 			711 				
	186 			711 				
	186 			711 				
	186 			711 				
	186 			711 				
	186 			711 				
	186 			711 				
	186 			711 				
	186 			711 				
	186 			703 				
	186 			696 				
	186 			696 				
	186 			696 				
	186 			696 				
	186 			696 				
	186 			696 				
	186 			696 				
	186 			696 				
	186 			696 				
	186 			696 				
	186 			696 				
	186 			696 				
	186 			696 				
	186 			696 				
	186 			696 				
	186 			696 				
	186 			696 				
	186 			696 				
	186 			696 				
	186 			696 				
	186 			696 				
	186 			696 				
	186 			696 				
	186 			696 				
	186 			696 				
	186 			696 				
	186 			696 				
	186 			696 				
	186 			696 				
	186 			696 				
	186 			696 				
	186 			696 				
	186 			696 				
	186 			696 				
	186 			696 				
	186 			696 				
	186 			696 				
	186 			696 				
	186 			696 				
	186 			696 				
	186 			696 				
	186 			696 				
	186 			696 				
	186 			696 				
	186 			696 				
	186 			696 				
	186 			696 				
	186 			696 				
	186 			696 				
	186 			684 				
	186 			683 				
	186 			643 				
	186 			642 				
	186 			642 				
	186 			642 				
	186 			642 				
	186 			642 				
	186 			637 				
	186 			626 				
	186 			626 				
	186 			626 				
	186 			626 				
	186 			626 				
	186 			611 				
	186 			609 				
	186 			607 				
	186 			607 				
	186 			603 				
	186 			603 				
	186 			601 				
	186 			601 				
	186 			599 				
	186 			599 				
	186 			599 				
	186 			599 				
	186 			598 				
	186 			598 				
	186 			597 				
	186 			597 				
	186 			593 				
	186 			593 				
	186 			593 				
	186 			593 				
	186 			593 				
	186 			592 				
	186 			591 				
	186 			591 				
	186 			590 				
	186 			589 				
	186 			589 				
	186 			589 				
	186 			589 				
	186 			589 				
	186 			589 				
	186 			589 				
	186 			589 				
	186 			589 				
	186 			589 				
	186 			589 				
	186 			588 				
	186 			587 				
	186 			587 				
	186 			586 				
	186 			585 				
	186 			568 				
	186 			568 				
	186 			568 				
	186 			568 				
	186 			568 				
	186 			568 				
	186 			568 				
	186 			568 				
	186 			568 				
	186 			568 				
	186 			568 				
	186 			568 				
	186 			568 				
	186 			566 				
	186 			566 				
	186 			563 				
	186 			560 				
	186 			560 				
	186 			560 				
	186 			560 				
	186 			560 				
	186 			560 				
	186 			560 				
	186 			560 				
	186 			560 				
	186 			560 				
	186 			560 				
	186 			560 				
	186 			560 				
	186 			560 				
	186 			560 				
	186 			560 				
	186 			560 				
	186 			560 				
	186 			560 				
	186 			560 				
	186 			560 				
	186 			528 				
	186 			528 				
	186 			474 				
	186 			474 				
	186 			474 				
	186 			473 				
	186 			470 				
	186 			448 				
	186 			447 				
	186 			445 				
	186 			445 				
	186 			442 				
	186 			442 				
	186 			442 				
	186 			441 				
	186 			441 				
	186 			432 				
	186 			432 				
	186 			432 				
	186 			432 				
	186 			432 				
	186 			432 				
	186 			432 				
	186 			432 				
	186 			427 				
	186 			425 				
	186 			387 				
	186 			371 				
	186 			365 				
	186 			345 				
	186 			345 				
	186 			345 				
	186 			333 				
	186 			333 				
	186 			333 				
	186 			333 				
	186 			333 				
	186 			333 				
	186 			333 				
	186 			333 				
	186 			333 				
	186 			331 				
	186 			331 				
	186 			331 				
	186 			331 				
	186 			330 				
	186 			328 				
	186 			328 				
	186 			328 				
	186 			328 				
	186 			327 				
	186 			325 				
	186 			325 				
	186 			324 				
	186 			324 				
	186 			321 				
	186 			321 				
	186 			321 				
	186 			321 				
	186 			321 				
	186 			321 				
	186 			321 				
	186 			321 				
	186 			321 				
	186 			321 				
	186 			318 				
	186 			317 				
	186 			317 				
	186 			317 				
	186 			317 				
	186 			317 				
	186 			316 				
	186 			316 				
	186 			316 				
	186 			316 				
	186 			316 				
	186 			312 				
	186 			308 				
	186 			300 				
	186 			287 				
	183 			286 				
	183 			281 				
	183 			281 				
	183 			281 				
	183 			274 				
	183 			274 				
	183 			274 				
	183 			274 				
	183 			273 				
	183 			273 				
	183 			268 				
	183 			267 				
	183 			266 				
	183 			263 				
	183 			255 				
	183 			254 				
	183 			236 				
	183 			234 				
	183 			226 				
	183 			211 				
	183 			209 				
	183 			209 				
	183 			206 				
	183 			206 				
	183 			204 				
	183 			198 				
	183 			198 				
	183 			198 				
	183 			198 				
	183 			198 				
	183 			198 				
	183 			198 				
	183 			195 				
	183 			195 				
	183 			195 				
	183 			195 				
	183 			195 				
	183 			195 				
	183 			195 				
	183 			194 				
	183 			193 				
	183 			190 				
	183 			179 				
	183 			176 				
	183 			176 				
	183 			176 				
	183 			165 				
	183 			156 				
	183 			154 				
	183 			154 				
	183 			154 				
	183 			149 				
	183 			140 				
	183 			140 				
	183 			140 				
	183 			140 				
	183 			140 				
	183 			134 				
	183 			134 				
	183 			134 				
	183 			132 				
	183 			132 				
	183 			132 				
	183 			132 				
	183 			131 				
	183 			131 				
	183 			131 				
	183 			130 				
	183 			130 				
	183 			130 				
	183 			129 				
	183 			129 				
	183 			129 				
	183 			129 				
	183 			128 				
	183 			128 				
	183 			128 				
	183 			128 				
	183 			128 				
	183 			128 				
	183 			125 				
	183 			125 				
	183 			125 				
	183 			125 				
	183 			125 				
	183 			125 				
	183 			125 				
	183 			125 				
	183 			125 				
	183 			125 				
	183 			125 				
	183 			125 				
	183 			125 				
	183 			125 				
	183 			125 				
	183 			125 				
	183 			125 				
	183 			125 				
	183 			125 				
	183 			125 				
	183 			125 				
	183 			125 				
	183 			125 				
	183 			125 				
	183 			125 				
	183 			119 				
	183 			119 				
	183 			119 				
	183 			119 				
	183 			119 				
	183 			119 				
	183 			119 				
	183 			119 				
	183 			119 				
	183 			109 				
	183 			106 				
	183 			106 				
	183 			106 				
	183 			106 				
	183 			106 				
	183 			106 				
	183 			106 				
	183 			106 				
	183 			106 				
	183 			106 				
	183 			106 				
	183 			106 				
	183 			106 				
	183 			106 				
	183 			106 				
	183 			106 				
	183 			106 				
	183 			106 				
	183 			106 				
	183 			106 				
	183 			106 				
	183 			106 				
	183 			106 				
	183 			106 				
	183 			106 				
	183 			106 				
	183 			106 				
	183 			106 				
	183 			106 				
	183 			106 				
	183 			106 				
	183 			106 				
	183 			106 				
	183 			106 				
	183 			106 				
	183 			106 				
	183 			106 				
	183 			106 				
	183 			106 				
	183 			106 				
	183 			106 				
	183 			106 				
	183 			106 				
	183 			106 				
	183 			106 				
	183 			106 				
	183 			106 				
	183 			106 				
	183 			106 				
	183 			106 				
	183 			106 				
	183 			106 				
	183 			106 				
	183 			106 				
	183 			106 				
	183 			106 				
	183 			106 				
	183 			106 				
	183 			106 				
	183 			106 				
	183 			106 				
	183 			106 				
	183 			106 				
	183 			106 				
	183 			106 				
	183 			106 				
	183 			106 				
	183 			106 				
	183 			106 				
	183 			106 				
	183 			106 				
	183 			106 				
	183 			106 				
	183 			106 				
	183 			106 				
	183 			106 				
	183 			106 				
	183 			106 				
	183 			106 				
	183 			106 				
	183 			106 				
	183 			106 				
	183 			106 				
	183 			106 				
	183 			106 				
	183 			106 				
	183 			106 				
	183 			106 				
	183 			106 				
	183 			106 				
	183 			106 				
	183 			106 				
	183 			106 				
	183 			106 				
	183 			106 				
	183 			106 				
	183 			106 				
	183 			106 				
	183 			106 				
	183 			106 				
	183 			106 				
	183 			106 				
	183 			106 				
	183 			106 				
	183 			106 				
	183 			106 				
	183 			106 				
	183 			106 				
	183 			106 				
	183 			106 				
	183 			106 				
	183 			106 				
	183 			106 				
	183 			106 				
	183 			106 				
	183 			106 				
	183 			106 				
	183 			106 				
	183 			106 				
	183 			106 				
	183 			106 				
	183 			106 				
	183 			106 				
	183 			106 				
	183 			106 				
	183 			106 				
	183 			106 				
	183 			106 				
	183 			105 				
	183 			103 				
	183 			103 				
	183 			103 				
	183 			103 				
	183 			103 				
	183 			103 				
	183 			103 				
	183 			103 				
	183 			103 				
	183 			103 				
	183 			103 				
	183 			103 				
	183 			103 				
	183 			103 				
	183 			103 				
	183 			103 				
	183 			103 				
	183 			103 				
	183 			103 				
	183 			103 				
	183 			103 				
	183 			103 				
	183 			103 				
	183 			103 				
	183 			103 				
	183 			103 				
	183 			103 				
	183 			103 				
	183 			103 				
	183 			103 				
	183 			103 				
	183 			103 				
	183 			103 				
	183 			103 				
	183 			103 				
	183 			103 				
	183 			103 				
	183 			103 				
	183 			103 				
	183 			103 				
	183 			103 				
	183 			103 				
	183 			103 				
	183 			103 				
	183 			103 				
	183 			103 				
	183 			103 				
	183 			103 				
	183 			103 				
	183 			103 				
	183 			103 				
	183 			103 				
	183 			103 				
	183 			103 				
	183 			103 				
	183 			103 				
	183 			103 				
	183 			103 				
	183 			103 				
	183 			103 				
	183 			103 				
	183 			103 				
	183 			103 				
	183 			103 				
	183 			103 				
	183 			103 				
	183 			103 				
	183 			103 				
	183 			103 				
	183 			103 				
	183 			103 				
	183 			103 				
	183 			103 				
	183 			103 				
	183 			103 				
	183 			103 				
	183 			103 				
	183 			103 				
	183 			103 				
	183 			103 				
	183 			103 				
	183 			103 				
	183 			103 				
	183 			103 				
	183 			103 				
	183 			103 				
	183 			103 				
	183 			103 				
	183 			103 				
	183 			103 				
	183 			103 				
	183 			103 				
	183 			103 				
	183 			103 				
	183 			103 				
	183 			103 				
	183 			103 				
	183 			103 				
	183 			103 				
	183 			103 				
	183 			103 				
	183 			103 				
	183 			103 				
	183 			103 				
	183 			103 				
	183 			103 				
	183 			103 				
	183 			103 				
	183 			103 				
	183 			103 				
	183 			103 				
	183 			103 				
	183 			103 				
	183 			103 				
	183 			103 				
	183 			103 				
	183 			103 				
	183 			103 				
	183 			103 				
	183 			103 				
	183 			103 				
	183 			103 				
	183 			103 				
	183 			103 				
	183 			103 				
	183 			103 				
	183 			103 				
	183 			103 				
	183 			103 				
	183 			103 				
	183 			103 				
	183 			103 				
	183 			103 				
	183 			103 				
	183 			103 				
	183 			103 				
	183 			103 				
	183 			103 				
	183 			103 				
	183 			103 				
	183 			103 				
	183 			103 				
	183 			103 				
	183 			103 				
	183 			103 				
	183 			103 				
	183 			103 				
	183 			103 				
	183 			103 				
	183 			103 				
	183 			103 				
	183 			103 				
	183 			103 				
	183 			103 				
	183 			103 				
	183 			103 				
	183 			103 				
	183 			103 				
	183 			103 				
	183 			103 				
	183 			103 				
	183 			103 				
	183 			103 				
	183 			103 				
	183 			103 				
	183 			103 				
	183 			103 				
	183 			103 				
	183 			103 				
	183 			103 				
	183 			103 				
	183 			103 				
	183 			103 				
	183 			103 				
	183 			103 				
	183 			103 				
	183 			103 				
	183 			103 				
	183 			103 				
	183 			103 				
	183 			103 				
	183 			103 				
	183 			103 				
	183 			103 				
	183 			103 				
	183 			103 				
	183 			103 				
	183 			103 				
	183 			103 				
	183 			103 				
	183 			103 				
	183 			103 				
	183 			103 				
	183 			103 				
	183 			103 				
	183 			103 				
	183 			103 				
	183 			103 				
	183 			103 				
	183 			103 				
	183 			103 				
	183 			103 				
	183 			103 				
	183 			103 				
	183 			103 				
	183 			103 				
	183 			103 				
	183 			103 				
	183 			103 				
	183 			103 				
	183 			103 				
	183 			103 				
	183 			103 				
	183 			103 				
	183 			103 				
	183 			103 				
	183 			103 				
	183 			103 				
	183 			103 				
	183 			103 				
	183 			103 				
	183 			103 				
	183 			103 				
	183 			103 				
	183 			103 				
	183 			103 				
	183 			103 				
	183 			103 				
	183 			103 				
	183 			103 				
	183 			103 				
	183 			103 				
	183 			103 				
	183 			103 				
	183 			103 				
	183 			103 				
	183 			103 				
	183 			103 				
	183 			103 				
	183 			103 				
	183 			103 				
	183 			103 				
	183 			103 				
	183 			103 				
	183 			103 				
	183 			103 				
	183 			103 				
	183 			103 				
	183 			103 				
	183 			103 				
	183 			103 				
	183 			103 				
	183 			103 				
	183 			103 				
	183 			103 				
	183 			103 				
	183 			103 				
	183 			103 				
	183 			103 				
	183 			103 				
	183 			103 				
	183 			103 				
	183 			103 				
	183 			103 				
	183 			103 				
	183 			103 				
	183 			103 				
	183 			103 				
	183 			103 				
	183 			103 				
	183 			103 				
	183 			103 				
	183 			103 				
	183 			103 				
	183 			103 				
	183 			103 				
	183 			103 				
	183 			103 				
	183 			103 				
	183 			103 				
	183 			103 				
	183 			103 				
	183 			103 				
	183 			103 				
	183 			103 				
	183 			103 				
	183 			103 				
	183 			103 				
	183 			103 				
	183 			103 				
	183 			103 				
	183 			103 				
	183 			103 				
	183 			103 				
	183 			103 				
	183 			103 				
	183 			103 				
	183 			103 				
	183 			103 				
	183 			103 				
	183 			103 				
	183 			103 				
	183 			103 				
	183 			103 				
	183 			103 				
	183 			103 				
	183 			103 				
	183 			103 				
	183 			103 				
	183 			103 				
	183 			103 				
	183 			103 				
	183 			103 				
	183 			103 				
	183 			103 				
	183 			103 				
	183 			103 				
	183 			103 				
	183 			103 				
	183 			103 				
	183 			103 				
	183 			103 				
	183 			103 				
	183 			103 				
	183 			103 				
	183 			103 				
	183 			103 				
	183 			103 				
	183 			103 				
	183 			103 				
	183 			103 				
	183 			103 				
	183 			103 				
	183 			103 				
	183 			103 				
	183 			103 				
	183 			103 				
	183 			103 				
	183 			103 				
	183 			103 				
	183 			103 				
	183 			103 				
	183 			103 				
	183 			103 				
	183 			103 				
	183 			103 				
	183 			103 				
	183 			103 				
	183 			103 				
	183 			103 				
	183 			103 				
	183 			103 				
	183 			103 				
	183 			103 				
	183 			103 				
	183 			103 				
	183 			103 				
	183 			103 				
	183 			103 				
	183 			103 				
	183 			103 				
	183 			103 				
	183 			103 				
	183 			103 				
	183 			103 				
	183 			103 				
	183 			103 				
	183 			98 				
	183 			97 				
	183 			86 				
	183 			84 				
	183 			84 				
	183 			71 				
	183 			69 				
	183 			66 				
	183 			58 				
	183 			56 				
	183 			55 				
	183 			54 				
	183 			52 				
	183 			52 				
	183 			52 				
	183 			52 				
	183 			52 				
	183 			50 				
	183 			50 				
	183 			50 				
	183 			48 				
	183 			48 				
	183 			47 				
	183 			47 				
	183 			47 				
	183 			47 				
	183 			47 				
	183 			47 				
	183 			46 				
	183 			46 				
	183 			45 				
	183 			45 				
	183 			45 				
	183 			44 				
	183 			44 				
	183 			44 				
	183 			44 				
	183 			44 				
	183 			44 				
	183 			44 				
	183 			44 				
	183 			44 				
	183 			44 				
	183 			44 				
	183 			44 				
	183 			44 				
	183 			43 				
	183 			43 				
	183 			43 				
	183 			43 				
	183 			43 				
	183 			43 				
	183 			43 				
	183 			43 				
	183 			42 				
	183 			42 				
	183 			41 				
	183 			39 				
	183 			39 				
	183 			39 				
	183 			39 				
	183 			39 				
	183 			39 				
	183 			39 				
	183 			38 				
	183 			38 				
	183 			38 				
	183 			38 				
	183 			38 				
	183 			37 				
	183 			37 				
	183 			37 				
	183 			37 				
	183 			37 				
	183 			37 				
	183 			37 				
	183 			37 				
	183 			37 				
	183 			37 				
	183 			37 				
	183 			37 				
	183 			37 				
	183 			35 				
	183 			35 				
	183 			35 				
	183 			35 				
	183 			35 				
	183 			35 				
	183 			35 				
	183 			35 				
	183 			35 				
	183 			34 				
	183 			34 				
	183 			34 				
	183 			33 				
	183 			33 				
	183 			33 				
	183 			33 				
	183 			33 				
	183 			33 				
	183 			33 				
	183 			33 				
	183 			33 				
	183 			33 				
	183 			33 				
	183 			33 				
	183 			33 				
	183 			33 				
	183 			33 				
	183 			33 				
	183 			33 				
	183 			33 				
	183 			32 				
	183 			32 				
	183 			32 				
	183 			32 				
	183 			32 				
	183 			31 				
	183 			30 				
	183 			30 				
	183 			30 				
	183 			28 				
	183 			28 				
	183 			28 				
	183 			28 				
	183 			28 				
	183 			28 				
	183 			28 				
	183 			28 				
	183 			28 				
	183 			28 				
	183 			28 				
	183 			28 				
	183 			28 				
	183 			28 				
	183 			28 				
	183 			28 				
	183 			28 				
	183 			28 				
	183 			28 				
	183 			28 				
	183 			28 				
	183 			28 				
	183 			28 				
	183 			28 				
	183 			28 				
	183 			28 				
	183 			27 				
	183 			26 				
	183 			26 				
	183 			26 				
	183 			26 				
	183 			26 				
	183 			24 				
	183 			20 				
	183 			20 				
	183 			8 				
	183 			8 				
	183 			1 				
	183 			1 				
	183 			1 				
	183 			1 				
	183 			1 				
	183 			1 				
	183 			1 				
	183 			1 				
	183 			1 				
	183 			1 				
	183 			1 				
	183 			1 				
	183 			1 				
	183 			1 				
	183 			1 				
	183 			1 				
	183 			1 				
	183 			1 				
	183 			1 				
	183 			1 				
	183 			1 				
	183 			1 				
	183 			1 				
	183 			1 				
	183 			1 				
	183 			1 				
	183 			1 				
	183 			1 				
	183 			1 				
	183 			1 				
	183 			1 				
	183 			1 				
	183 			1 				
	183 			1 				
	183 			1 				
	183 			1 				
	183 			1 				
	183 			1 				
	183 			1 				
	183 			1 				
	183 			1 				
	183 			1 				
	183 			1 				
	183 			1 				
	183 			1 				
	183 			1 				
	183 			1 				
	183 			1 				
	183 			1 				
	183 			1 				
	183 			1 				
	183 			1 				
	183 			1 				
	183 			1 				
	183 			1 				
	183 			1 				
	183 							
	183 							
	183 							
	183 							
	183 							
	183 							
	183 							
	183 							
	183 							
	183 							
	183 							
	183 							
	183 							
	183 							
	183 							
	183 							
	183 							
	183 							
	183 							
	183 							
	183 							
	183 							
	183 							
	183 							
	183 							
	183 							
	183 							
	183 							
	183 							
	183 							
	183 							
	183 							
	183 							
	183 							
	183 							
	183 							
	183 							
	183 							
	183 							
	183 							
	183 							
	183 							
	183 							
	183 							
	183 							
	183 							
	183 							
	183 							
	183 							
	183 							
	183 							
	183 							
	183 							
	183 							
	183 							
	183 							
	183 							
	183 							
	183 							
	183 							
	183 							
	183 							
	183 							
	183 							
	183 							
	183 							
	183 							
	183 							
	183 							
	183 							
	183 							
	183 							
	183 							
	183 							
	183 							
	183 							
	183 							
	183 							
	183 							
	183 							
	183 							
	183 							
	183 							
	183 							
	183 							
	183 							
	183 							
	183 							
	183 							
	183 							
	183 							
	183 							
	183 							
	183 							
	183 							
	183 							
	183 							
	183 							
	183 							
	183 							
	183 							
	183 							
	183 							
	183 							
	183 							
	183 							
	183 							
	183 							
	183 							
	183 							
	183 							
	183 							
	183 							
	183 							
	183 							
	183 							
	183 							
	183 							
	183 							
	183 							
	183 							
	183 							
	183 							
	183 							
	183 							
	183 							
	183 							
	183 							
	183 							
	183 							
	183 							
	183 							
	183 							
	183 							
	183 							
	183 							
	183 							
	183 							
	183 							
	183 							
	183 							
	183 							
	183 							
	183 							
	183 							
	183 							
	183 							
	183 							
	183 							
	183 							
	183 							
	183 							
	183 							
	183 							
	183 							
	183 							
	183 							
	183 							
	183 							
	183 							
	183 							
	183 							
	183 							
	183 							
	183 							
	183 							
	183 							
	183 							
	183 							
	183 							
	183 							
	183 							
	183 							
	183 							
	183 							
	183 							
	183 							
	183 							
	183 							
	183 							
	183 							
	183 							
	183 							
	183 							
	183 							
	183 							
	183 							
	183 							
	183 							
	183 							
	183 							
	183 							
	183 							
	183 							
	183 							
	183 							
	183 							
	183 							
	183 							
	183 							
	183 							
	183 							
	183 							
	183 							
	183 							
	183 							
	183 							
	183 							
	183 							
	183 							
	183 							
	183 							
	183 							
	183 							
	183 							
	183 							
	183 							
	183 							
	183 							
	183 							
	183 							
	183 							
	183 							
	183 							
	183 							
	183 							
	183 							
	183 							
	183 							
	183 							
	183 							
	183 							
	183 							
	183 							
	183 							
	183 							
	183 							
	183 							
	183 							
	183 							
	183 							
	183 							
	183 							
	183 							
	183 							
	183 							
	183 							
	183 							
	183 							
	183 							
	183 							
	183 							
	183 							
	183 							
	183 							
	183 							
	183 							
	183 							
	183 							
	183 							
	183 							
	183 							
	183 							
	183 							
	183 							
	183 							
	183 							
	183 							
	183 							
	183 							
	183 							
	183 							
	183 							
	183 							
	183 							
	183 							
	183 							
	183 							
	183 							
	183 							
	183 							
	183 							
	183 							
	183 							
	183 							
	183 							
	183 							
	183 							
	183 							
	183 							
	183 							
	183 							
	183 							
	183 							
	183 							
	183 							
	183 							
	183 							
	183 							
	183 							
	183 							
	183 							
	183 							
	183 							
	183 							
	183 							
	183 							
	183 							
	183 							
	183 							
	183 							
	183 							
	183 							
	183 							
	183 							
	183 							
	183 							
	183 							
	183 							
	183 							
	183 							
	183 							
	183 							
	183 							
	183 							
	183 							
	183 							
	183 							
	183 							
	183 							
	183 							
	183 							
	183 							
	183 							
	183 							
	183 							
	183 							
	183 							
	183 							
	183 							
	183 							
	183 							
	183 							
	183 							
	183 							
	183 							
	183 							
	183 							
	183 							
	183 							
	183 							
	183 							
	183 							
	183 							
	183 							
	183 							
	183 							
	183 							
	183 							
	183 							
	183 							
	183 							
	183 							
	183 							
	183 							
	183 							
	183 							
	183 							
	183 							
	183 							
	183 							
	183 							
	183 							
	183 							
	183 							
	183 							
	183 							
	183 							
	183 							
	183 							
	183 							
	183 							
	183 							
	183 							
	183 							
	183 							
	183 							
	183 							
	183 							
	183 							
	183 							
	183 							
	183 							
	183 							
	183 							
	183 							
	183 							
	183 							
	183 							
	183 							
	183 							
	183 							
	183 							
	183 							
	183 							
	183 							
	183 							
	183 							
	183 							
	183 							
	183 							
	183 							
	183 							
	183 							
	183 							
	183 							
	183 							
	183 							
	183 							
	183 							
	183 							
	183 							
	183 							
	183 							
	183 							
	183 							
	183 							
	183 							
	183 							
	183 							
	183 							
	183 							
	183 							
	183 							
	183 							
	183 							
	183 							
	183 							
	183 							
	183 							
	183 							
	183 							
	183 							
	183 							
	183 							
	183 							
	183 							
	183 							
	183 							
	183 							
	183 							
	183 							
	183 							
	183 							
	183 							
	183 							
	183 							
	183 							
	183 							
	183 							
	183 							
	183 							
	183 							
	183 							
	183 							
	183 							
	183 							
	183 							
	183 							
	183 							
	183 							
	183 							
	183 							
	183 							
	183 							
	183 							
	183 							
	183 							
	183 							
	183 							
	183 							
	183 							
	183 							
	183 							
	183 							
	183 							
	183 							
	183 							
	183 							
	183 							
	183 							
	183 							
	183 							
	183 							
	183 							
	183 							
	183 							
	183 							
	183 							
	183 							
	183 							
	183 							
	183 							
	183 							
	183 							
	183 							
	183 							
	183 							
	183 							
	183 							
	183 							
	183 							
	183 							
	183 							
	183 							
	183 							
	183 							
	183 							
	183 							
	183 							
	183 							
	183 							
	183 							
	183 							
	183 							
	183 							
	183 							
	183 							
	183 							
	183 							
	183 							
	183 							
	183 							
	183 							
	183 							
	183 							
	183 							
	183 							
	183 							
	183 							
	183 							
	183 							
	183 							
	183 							
	183 							
	183 							
	183 							
	183 							
	183 							
	183 							
	183 							
	183 							
	183 							
	183 							
	183 							
	183 							
	183 							
	183 							
	183 							
	183 							
	183 							
	183 							
	183 							
	183 							
	183 							
	183 							
	183 							
	183 							
	183 							
	183 							
	183 							
	183 							
	183 							
	183 							
	183 							
	183 							
	183 							
	183 							
	183 							
	183 							
	183 							
	183 							
	183 							
	183 							
	183 							
	183 							
	183 							
	183 							
	183 							
	183 							
	183 							
	183 							
	183 							
	183 							
	183 							
	183 							
	183 							
	183 							
	183 							
	183 							
	183 							
	183 							
	183 							
	183 							
	183 							
	183 							
	183 							
	183 							
	183 							
	183 							
	183 							
	183 							
	183 							
	183 							
	183 							
	183 							
	183 							
	183 							
	183 							
	183 							
	183 							
	183 							
	183 							
	183 							
	183 							
	183 							
	183 							
	183 							
	183 							
	183 							
	183 							
	183 							
	183 							
	183 							
	183 							
	183 							
	183 							
	183 							
	183 							
	183 							
	183 							
	183 							
	183 							
	183 							
	183 							
	183 							
	183 							
	183 							
	183 							
	183 							
	183 							
	183 							
	183 							
	183 							
	183 							
	183 							
	183 							
	183 							
	154 							
	154 							
	154 							
	154 							
	154 							
	154 							
	154 							
	154 							
	154 							
	154 							
	154 							
	154 							
	154 							
	154 							
	154 							
	154 							
	154 							
	154 							
	154 							
	154 							
	154 							
	154 							
	154 							
	154 							
	154 							
	154 							
	154 							
	154 							
	154 							
	154 							
	154 							
	154 							
	154 							
	154 							
	154 							
	154 							
	154 							
	154 							
	154 							
	154 							
	154 							
	154 							
	154 							
	154 							
	154 							
	154 							
	154 							
	154 							
	154 							
	154 							
	154 							
	154 							
	154 							
	154 							
	154 							
	152 							
	152 							
	152 							
	152 							
	152 							
	152 							
	152 							
	152 							
	152 							
	152 							
	152 							
	152 							
	152 							
	152 							
	152 							
	152 							
	152 							
	152 							
	152 							
	152 							
	152 							
	152 							
	152 							
	152 							
	152 							
	152 							
	152 							
	152 							
	152 							
	152 							
	152 							
	152 							
	152 							
	152 							
	152 							
	152 							
	152 							
	152 							
	152 							
	152 							
	152 							
	152 							
	152 							
	152 							
	152 							
	152 							
	152 							
	152 							
	152 							
	152 							
	148 							
	79 							
	8 							
