amazonEcho	belkinMotion	blipcareBP	BabyMonitor	laptop	LIFXlighbulb	Netatmo	sleepSensor	tribySpeaker
9643 	18139 	0	1853 	0	2049 	19850 	16743 	3232 
5375 	18139 		1853 		1890 	19795 	16723 	3217 
4837 	18139 		1851 		548 	19111 	16721 	3217 
4834 	9650 		1851 		366 	17538 	16342 	3112 
4822 	6712 		1849 		138 	17219 	16245 	3110 
4811 	3356 		1849 		48 	16861 	15545 	3100 
4794 	659 		1849 		48 	16615 	15270 	3066 
4790 	304 		1849 		48 	15603 	14884 	3065 
4789 	227 		1848 		48 	14314 	11205 	1545 
4786 	227 		1848 		48 	14314 	9544 	819 
4783 	227 		1848 		48 	12571 	9038 	819 
4781 	227 		1848 		48 	3480 	8387 	723 
4777 	227 		1848 		48 	2026 	7848 	723 
4765 	227 		1848 		48 	1650 	7835 	600 
4763 	227 		1848 		48 	1650 	5669 	455 
4756 	227 		1848 		48 	1650 	5017 	388 
4746 	227 		1847 		48 	1650 	4455 	300 
4743 	227 		1847 		48 	1650 	4094 	299 
4727 	227 		1847 		48 	1650 	3982 	299 
4698 	227 		1847 		48 	1650 	3937 	280 
3119 	227 		1847 		48 	1650 	3772 	232 
2975 	227 		1847 		48 	1650 	3422 	228 
2975 	227 		1847 		48 	1650 	3390 	89 
2975 	227 		1847 		48 	1181 	3045 	62 
2975 	227 		1847 		48 	1133 	2736 	48 
2975 	227 		1847 		48 	1130 	2328 	48 
2975 	227 		1847 		48 	952 	2232 	48 
2975 	227 		1847 		48 	930 	2231 	48 
2975 	227 		1847 		48 	930 	1719 	48 
2959 	227 		1847 		48 	729 	1710 	48 
2959 	227 		1847 		48 	729 	1683 	48 
2959 	227 		1847 		48 	729 	1683 	40 
2959 	227 		1847 		48 	729 	1683 	40 
2959 	227 		1847 		48 	729 	1683 	39 
2959 	227 		1847 		48 	729 	1491 	39 
2959 	227 		1847 		48 	729 	997 	39 
2959 	227 		1847 		48 	729 	966 	39 
2959 	227 		1847 		48 	729 	907 	39 
2959 	227 		1847 		48 	729 	859 	38 
2959 	227 		1847 		48 	729 	859 	33 
2959 	227 		1847 		48 	729 	665 	33 
2959 	227 		1847 		48 	729 	659 	33 
2959 	227 		1847 		48 	729 	656 	33 
2959 	227 		1847 		48 	729 	656 	31 
2959 	227 		1847 		48 	729 	580 	31 
2959 	227 		1847 		48 	729 	580 	31 
2959 	227 		1846 		48 	729 	579 	31 
2959 	204 		1846 		48 	729 	579 	31 
2959 	202 		1846 		48 	729 	578 	31 
2959 	198 		1846 		48 	729 	577 	31 
2959 	198 		1846 		48 	729 	576 	31 
2959 	198 		1846 		48 	729 	573 	31 
2959 	198 		1846 		48 	729 	573 	
2959 	198 		1846 		48 	307 	573 	
2959 	198 		1846 		48 	168 	573 	
2959 	198 		1846 		48 	168 	571 	
2959 	198 		1846 		48 	168 	552 	
2959 	198 		1846 		48 	168 	552 	
2959 	198 		1846 		48 	168 	552 	
2959 	198 		1846 		48 	134 	552 	
2959 	198 		1846 		48 	112 	550 	
2959 	198 		1846 		48 	72 	550 	
2959 	198 		1846 		48 	72 	502 	
2959 	198 		1846 		48 	72 	477 	
2959 	198 		1846 		48 	72 	328 	
2959 	198 		1846 		48 	72 	300 	
2959 	198 		1846 		48 	72 	289 	
2959 	198 		1846 		48 	72 	289 	
2959 	198 		1846 		48 	48 	289 	
2959 	198 		1846 		48 	48 	289 	
2959 	198 		1846 		48 	48 	289 	
2959 	198 		1846 		48 	48 	289 	
2959 	198 		1846 		48 	48 	289 	
2959 	198 		1846 		48 	48 	289 	
2959 	198 		1846 		48 	48 	289 	
2959 	198 		1846 		48 	48 	289 	
2959 	198 		1846 		48 	48 	289 	
2959 	198 		1846 		48 	48 	289 	
2959 	198 		1846 		48 	48 	289 	
2959 	198 		1846 		48 	48 	289 	
2959 	198 		1846 		48 	48 	289 	
2959 	198 		1846 		48 	48 	289 	
2959 	198 		1846 		48 	48 	289 	
2959 	198 		1846 		48 	48 	289 	
2959 	198 		1846 		48 	48 	289 	
2959 	198 		1846 		48 	48 	289 	
2959 	198 		1846 		48 	48 	289 	
2959 	198 		1846 		48 	48 	289 	
2959 	198 		1846 		48 	48 	289 	
2959 	198 		1846 		48 	48 	289 	
2959 	198 		1846 		48 	48 	289 	
2959 	198 		1846 		48 	48 	284 	
2959 	198 		1846 		48 	48 	284 	
2959 	198 		1846 		48 	48 	284 	
2959 	198 		1846 		48 	48 	284 	
2959 	198 		1846 		48 	48 	284 	
2959 	198 		1846 		48 	48 	284 	
2959 	198 		1846 		48 	48 	284 	
2959 	198 		1846 		48 	48 	284 	
2959 	198 		1846 		48 	48 	284 	
2959 	198 		1846 		48 	48 	284 	
2959 	198 		1846 		48 	48 	284 	
2959 	198 		1846 		48 	48 	284 	
2959 	198 		1846 		48 	48 	284 	
2959 	198 		1846 		48 	48 	284 	
2959 	198 		1846 		48 	48 	284 	
2959 	198 		1846 		48 	48 	284 	
2959 	198 		1846 		48 	48 	284 	
2959 	196 		1846 		48 	48 	284 	
2959 	196 		1846 		48 	48 	284 	
2959 	196 		1846 		48 	48 	284 	
2959 	196 		1846 		48 	48 	284 	
2959 	196 		1846 		48 	48 	284 	
2959 	196 		1846 		48 	48 	284 	
2959 	196 		1846 		48 	48 	284 	
2485 	196 		1846 		48 	48 	284 	
2485 	196 		1846 		48 	48 	284 	
735 	196 		1846 		48 	48 	284 	
735 	196 		1846 		48 	48 	284 	
735 	196 		1846 		48 	48 	282 	
735 	196 		1846 		48 	48 	282 	
735 	196 		1846 		48 	48 	282 	
735 	196 		1846 		48 	48 	282 	
735 	196 		1846 		48 	48 	282 	
735 	196 		1846 		48 	48 	282 	
735 	196 		1846 		48 	48 	282 	
735 	196 		1846 		48 	48 	282 	
735 	196 		1846 		48 	48 	282 	
735 	196 		1846 		48 	48 	282 	
735 	196 		1846 		48 	48 	282 	
735 	196 		1846 		48 	48 	282 	
735 	196 		1846 		48 	48 	282 	
735 	196 		1846 		48 	48 	282 	
735 	196 		1846 		48 	48 	282 	
735 	196 		1846 		48 	48 	282 	
735 	196 		1846 		48 	48 	282 	
560 	196 		1846 		48 	48 	282 	
517 	196 		1846 		48 	48 	282 	
517 	196 		1846 		48 	48 	282 	
517 	196 		1846 		48 	48 	282 	
517 	196 		1846 		48 	48 	282 	
517 	196 		1846 		48 	48 	282 	
517 	196 		1846 		48 	48 	282 	
517 	196 		1845 		48 	48 	282 	
517 	196 		548 		48 	48 	282 	
517 	196 		395 		48 	48 	266 	
517 	196 		395 		48 	48 	266 	
517 	196 		395 		35 	48 	222 	
517 	196 		395 		35 	48 	222 	
517 	196 		395 		30 	48 	222 	
517 	196 		395 		30 	48 	222 	
517 	196 		395 		30 	48 	222 	
517 	196 		394 		30 	48 	222 	
517 	196 		394 		30 	48 	222 	
517 	196 		394 		30 	48 	222 	
517 	196 		394 		30 	48 	222 	
517 	196 		394 		30 	48 	222 	
517 	196 		393 		30 	48 	222 	
517 	196 		393 		30 	48 	222 	
517 	196 		393 		30 	48 	222 	
517 	196 		393 		30 	46 	222 	
477 	196 		393 		30 	46 	222 	
454 	196 		393 		30 	45 	222 	
298 	196 		393 		30 	45 	222 	
280 	196 		393 		30 	45 	222 	
280 	196 		393 		30 	40 	222 	
82 	196 		393 		30 	36 	222 	
80 	196 		393 		30 	36 	222 	
48 	196 		393 		30 	36 	222 	
48 	196 		393 		30 	36 	222 	
48 	196 		393 		30 	36 	222 	
48 	196 		393 		30 	36 	222 	
48 	196 		393 		30 	36 	222 	
48 	196 		393 		30 	36 	222 	
48 	196 		393 		30 	36 	222 	
48 	196 		393 		30 	36 	222 	
48 	196 		393 		30 	36 	222 	
48 	196 		393 		30 	36 	222 	
48 	196 		393 		30 	36 	222 	
48 	193 		393 		30 	36 	222 	
48 	193 		393 		30 	36 	222 	
48 	193 		393 		30 	36 	222 	
48 	193 		393 		30 	36 	222 	
48 	193 		393 		30 	36 	222 	
48 	193 		393 		30 	36 	222 	
48 	193 		393 		30 	36 	222 	
48 	193 		393 		30 	36 	222 	
48 	193 		393 		30 	36 	222 	
48 	193 		393 		30 		222 	
48 	193 		393 		30 		222 	
48 	193 		393 		30 		222 	
48 	193 		393 		30 		222 	
48 	193 		393 		30 		222 	
48 	193 		393 		30 		222 	
48 	193 		393 		30 		222 	
48 	193 		393 		30 		222 	
48 	193 		393 		30 		222 	
48 	193 		393 		30 		222 	
48 	193 		393 		30 		183 	
48 	193 		393 		30 		183 	
48 	193 		393 		30 		183 	
48 	193 		393 		30 		183 	
48 	193 		393 		30 		183 	
48 	193 		393 		30 		183 	
48 	193 		393 		30 		183 	
48 	193 		393 		30 		183 	
48 	193 		393 		30 		183 	
48 	193 		393 		30 		183 	
48 	193 		393 		30 		183 	
48 	193 		393 		30 		183 	
48 	193 		393 		30 		183 	
48 	193 		393 		30 		183 	
48 	193 		392 		30 		183 	
48 	193 		392 		30 		183 	
48 	193 		392 		30 		183 	
48 	193 		392 		30 		183 	
48 	193 		392 		30 		183 	
48 	193 		392 		30 		183 	
48 	193 		392 		30 		183 	
48 	193 		392 		30 		183 	
48 	193 		392 		30 		183 	
48 	193 		392 		30 		183 	
48 	193 		392 		30 		183 	
48 	193 		392 		30 		183 	
48 	193 		392 		30 		183 	
48 	193 		392 		30 		183 	
48 	193 		392 		30 		183 	
48 	193 		392 		30 		183 	
48 	193 		392 		30 		183 	
48 	193 		392 		30 		183 	
48 	193 		392 		30 		183 	
48 	193 		392 		30 		183 	
48 	193 		392 		30 		183 	
48 	193 		392 		30 		183 	
48 	193 		392 		30 		183 	
48 	193 		392 		30 		183 	
48 	193 		392 		30 		183 	
48 	193 		392 		30 		183 	
48 	193 		392 		30 		183 	
48 	193 		392 		30 		183 	
48 	193 		392 		30 		183 	
48 	193 		392 		30 		183 	
48 	193 		392 		30 		183 	
48 	193 		392 		30 		183 	
48 	193 		392 		30 		183 	
48 	193 		392 		30 		183 	
48 	193 		392 		30 		183 	
48 	193 		392 		30 		183 	
48 	193 		392 		30 		183 	
48 	193 		392 		30 		183 	
48 	193 		392 		30 		183 	
48 	193 		392 		30 		140 	
48 	193 		392 		30 		101 	
48 	193 		392 		30 		85 	
48 	193 		391 		30 		39 	
48 	193 		391 		30 		38 	
48 	193 		391 		30 		38 	
48 	193 		391 		30 		38 	
48 	193 		391 		30 		38 	
48 	193 		391 		30 		38 	
48 	193 		321 		30 		38 	
48 	193 		321 		30 		38 	
48 	193 		321 		30 		38 	
48 	193 		321 		30 		38 	
48 	193 		321 		30 		38 	
48 	193 		321 		30 		38 	
48 	193 		321 		30 		38 	
48 	193 		321 		30 		38 	
48 	193 		321 		30 		38 	
48 	193 		321 		30 		38 	
48 	193 		321 		30 		38 	
48 	193 		321 		30 		38 	
48 	193 		321 		30 		38 	
48 	193 		321 		30 		38 	
48 	193 		321 		30 		38 	
48 	193 		321 		30 		38 	
48 	193 		321 		30 		38 	
48 	193 		321 		30 		38 	
48 	193 		321 		30 		38 	
48 	193 		321 		30 		38 	
48 	193 		321 		30 		38 	
48 	193 		321 		30 		38 	
48 	193 		321 		30 		38 	
48 	193 		321 		30 		38 	
48 	193 		273 		30 		38 	
48 	193 		273 		30 		38 	
48 	193 		273 		30 		38 	
48 	193 		273 		30 		38 	
48 	193 		273 		30 		38 	
48 	193 		273 		30 		38 	
48 	193 		273 		30 		38 	
48 	193 		273 		30 		38 	
48 	193 		273 		30 		38 	
48 	193 		273 		30 		38 	
48 	193 		273 		30 		38 	
48 	193 		273 		30 		38 	
48 	193 		273 		30 		38 	
48 	193 		273 		30 		38 	
48 	193 		273 		30 		38 	
48 	193 		273 		30 		38 	
48 	193 		273 		30 		38 	
48 	193 		273 		30 		38 	
48 	193 		273 		30 		38 	
48 	193 		273 		30 		38 	
48 	193 		273 		30 		38 	
48 	193 		273 		30 		38 	
48 	193 		273 		30 		38 	
48 	193 		273 		30 		38 	
48 	193 		272 		30 		38 	
48 	193 		272 		30 		38 	
48 	193 		272 		30 		38 	
48 	193 		272 		30 		38 	
48 	193 		272 		30 		38 	
48 	193 		272 		30 		38 	
48 	193 		272 		30 		38 	
48 	193 		272 		30 		38 	
48 	193 		272 		30 		38 	
48 	193 		272 		30 		38 	
48 	193 		272 		30 		38 	
48 	193 		272 		30 		38 	
48 	193 		221 		30 		38 	
48 	193 		221 		30 		38 	
48 	193 		221 		30 		38 	
48 	193 		221 		30 		38 	
48 	193 		221 		30 		38 	
48 	193 		221 		30 		38 	
48 	193 		221 		30 		38 	
48 	193 		221 		30 		38 	
48 	193 		221 		30 		38 	
48 	193 		221 		30 		38 	
48 	193 		221 		30 		38 	
48 	193 		221 		30 		38 	
48 	193 		221 		30 		38 	
48 	193 		221 		30 		38 	
48 	193 		221 		30 		38 	
48 	193 		221 		30 		38 	
48 	193 		221 		30 		38 	
48 	193 		221 		30 		38 	
48 	193 		221 		30 		38 	
48 	193 		221 		30 		38 	
48 	193 		221 		30 		38 	
48 	193 		221 		30 		38 	
48 	193 		221 		30 		38 	
48 	193 		221 		30 		38 	
48 	193 		221 		30 		38 	
48 	193 		221 		30 		38 	
48 	193 		221 		30 		38 	
46 	193 		221 		30 		38 	
46 	193 		221 		30 		38 	
46 	193 		221 		30 		38 	
46 	193 		221 		30 		38 	
46 	193 		221 		30 		38 	
46 	193 		221 		30 		38 	
46 	193 		221 		30 		38 	
46 	193 		221 		30 		38 	
46 	193 		221 		30 		38 	
46 	193 		221 		30 		38 	
46 	193 		182 		30 		38 	
46 	193 		182 		30 		38 	
46 	193 		182 		30 		38 	
46 	193 		182 		30 		38 	
46 	193 		182 		30 		38 	
46 	193 		182 		30 		38 	
46 	193 		182 		30 		38 	
46 	193 		182 		30 		38 	
46 	193 		182 		30 		38 	
46 	193 		182 		30 		38 	
46 	193 		182 		30 		38 	
46 	193 		182 		30 		38 	
46 	193 		182 		30 		38 	
46 	193 		182 		30 		38 	
46 	193 		182 		30 		38 	
46 	193 		182 		30 		38 	
46 	193 		182 		30 		38 	
46 	193 		182 		30 		38 	
46 	193 		182 		30 		38 	
46 	193 		182 		30 		38 	
46 	193 		182 		30 		38 	
46 	193 		182 		30 		38 	
46 	193 		182 		30 		38 	
46 	193 		182 		30 		38 	
46 	193 		182 		30 		38 	
46 	193 		182 		30 		38 	
46 	193 		182 		30 		38 	
46 	193 		182 		30 		38 	
46 	193 		182 		30 		38 	
46 	193 		182 		30 		38 	
46 	193 		182 		30 		38 	
46 	193 		182 		30 		38 	
46 	193 		182 		30 		38 	
46 	193 		182 		30 		38 	
46 	193 		182 		30 		38 	
46 	193 		182 		30 		38 	
46 	193 		182 		30 		38 	
46 	193 		37 		30 		38 	
46 	193 		37 		30 		38 	
46 	193 		37 		30 		38 	
46 	193 		37 		30 		38 	
46 	193 		37 		30 		38 	
46 	193 		37 		30 		38 	
46 	193 		37 		30 		38 	
46 	193 		37 		30 		38 	
46 	193 		37 		30 		38 	
46 	193 		37 		30 		38 	
46 	193 		37 		30 		38 	
46 	193 		37 		30 		38 	
46 	193 		37 		30 		38 	
46 	193 		37 		30 		38 	
46 	193 		37 		30 		38 	
46 	193 		37 		30 		38 	
46 	193 		37 		30 		38 	
46 	193 		37 		30 		38 	
46 	193 		37 		30 		38 	
46 	193 		37 		30 		38 	
46 	193 		37 		30 		38 	
46 	193 		37 		30 		38 	
46 	193 		37 		30 		38 	
46 	193 		37 		30 		38 	
46 	193 		37 		30 		38 	
46 	193 		37 		30 		38 	
46 	193 		37 		30 		38 	
46 	193 		37 		30 		38 	
46 	193 		37 		30 		38 	
46 	193 		37 		30 		38 	
46 	193 		37 		30 		38 	
46 	193 		37 		30 		38 	
46 	193 		37 		30 		38 	
46 	193 		37 		30 		38 	
46 	193 		37 		30 		38 	
46 	193 		37 		30 		38 	
46 	193 		37 		30 		38 	
46 	193 		37 		30 		38 	
46 	193 		37 		30 		38 	
46 	193 		37 		30 		38 	
46 	193 		37 		30 		38 	
46 	193 		37 		30 		38 	
46 	193 		37 		30 		38 	
46 	193 		37 		30 		38 	
46 	193 		37 		30 		38 	
46 	193 		37 		30 		38 	
46 	193 		37 		30 		38 	
46 	193 		37 		30 		38 	
46 	193 		37 		30 		38 	
46 	193 		37 		30 		38 	
46 	193 		37 		30 		38 	
46 	193 		37 		30 		38 	
46 	193 		37 		30 		38 	
46 	193 		37 		30 		38 	
46 	193 		37 		30 		38 	
46 	193 		37 		30 		38 	
46 	193 		37 		30 		38 	
46 	193 		37 		30 		38 	
46 	193 		37 		30 		38 	
46 	193 		37 				38 	
44 	193 		37 				38 	
44 	193 		37 				38 	
44 	193 		37 				38 	
37 	193 		37 				38 	
33 	193 		37 				38 	
33 	193 		37 				38 	
33 	193 		37 				38 	
33 	193 		37 				38 	
33 	193 		37 				38 	
33 	193 		37 				38 	
33 	193 		37 				38 	
33 	193 		37 				38 	
33 	193 		37 				38 	
33 	193 		37 				38 	
33 	193 		37 				38 	
33 	193 		37 				38 	
33 	193 		37 				38 	
33 	193 		37 				38 	
33 	193 		37 				38 	
33 	193 		37 				38 	
33 	193 		37 				38 	
33 	193 		37 				38 	
33 	193 		37 				38 	
31 	193 		37 				38 	
	193 		37 				38 	
	193 		37 				38 	
	193 		37 				38 	
	193 		37 				38 	
	193 		37 				38 	
	193 		37 				38 	
	193 		37 				38 	
	193 		37 				38 	
	193 		37 				38 	
	193 		37 				38 	
	193 		37 				38 	
	193 		37 				38 	
	193 		37 				38 	
	193 		37 				38 	
	193 		37 				38 	
	193 		37 				38 	
	193 		37 				38 	
	193 		37 				38 	
	193 		37 				38 	
	193 		37 				38 	
	193 		37 				38 	
	193 		37 				38 	
	193 		37 				38 	
	193 		37 				38 	
	193 		37 				38 	
	193 		37 				37 	
	193 		37 				35 	
	193 		37 				35 	
	193 		37 					
	193 		37 					
	193 		37 					
	193 		37 					
	193 		37 					
	193 		37 					
	193 		37 					
	193 		37 					
	186 		37 					
	186 		37 					
	186 		37 					
	186 		37 					
	186 		37 					
	186 		37 					
	186 		37 					
	186 		37 					
	186 		37 					
	186 		37 					
	186 		37 					
	186 		37 					
	186 		37 					
	186 		37 					
	186 		37 					
	186 		37 					
	186 		37 					
	186 		37 					
	186 		37 					
	186 		37 					
	186 		37 					
	186 		37 					
	186 		37 					
	186 		37 					
	186 		37 					
	186 		37 					
	186 		37 					
	186 		37 					
	186 		37 					
	186 		37 					
	186 		37 					
	186 		37 					
	186 		37 					
	186 		37 					
	186 		37 					
	186 		37 					
	186 		37 					
	186 		37 					
	186 		37 					
	186 		37 					
	186 		37 					
	186 		37 					
	186 		37 					
	186 		37 					
	186 		37 					
	186 		37 					
	186 		37 					
	186 		37 					
	186 		37 					
	186 		37 					
	186 		37 					
	186 		37 					
	186 		37 					
	186 		37 					
	186 		37 					
	186 		37 					
	186 		37 					
	186 		37 					
	186 		37 					
	186 		37 					
	186 		37 					
	186 		37 					
	186 		37 					
	186 		37 					
	186 		37 					
	186 		37 					
	186 		37 					
	186 		37 					
	186 		37 					
	186 		37 					
	186 		37 					
	186 		37 					
	186 		37 					
	186 		37 					
	186 		37 					
	186 		37 					
	186 		37 					
	186 		37 					
	186 		37 					
	186 		37 					
	186 		37 					
	186 		37 					
	186 		37 					
	186 		37 					
	186 		37 					
	186 		37 					
	186 		37 					
	186 		37 					
	186 		37 					
	186 		37 					
	186 		37 					
	186 		37 					
	186 		37 					
	186 		37 					
	186 		37 					
	186 		37 					
	186 		37 					
	186 		37 					
	186 		37 					
	186 		37 					
	186 		37 					
	186 		37 					
	186 		37 					
	186 		37 					
	186 		37 					
	186 		37 					
	186 		37 					
	186 		37 					
	186 		37 					
	186 		37 					
	186 		37 					
	186 		37 					
	186 		37 					
	186 		37 					
	186 		37 					
	186 		37 					
	186 		37 					
	186 		37 					
	186 		37 					
	186 		37 					
	186 		37 					
	186 		37 					
	186 		37 					
	186 		37 					
	186 		37 					
	186 		37 					
	186 		37 					
	186 		37 					
	186 		37 					
	186 		37 					
	186 		37 					
	186 		37 					
	186 		37 					
	186 		37 					
	186 		37 					
	186 		37 					
	186 		37 					
	186 		37 					
	186 		37 					
	186 		37 					
	186 		37 					
	186 		37 					
	186 		37 					
	186 		37 					
	186 		37 					
	186 		37 					
	186 		37 					
	186 		37 					
	186 		37 					
	186 		37 					
	186 		37 					
	186 		37 					
	186 		37 					
	186 		37 					
	186 		37 					
	186 		37 					
	186 		37 					
	186 		37 					
	186 		37 					
	186 		37 					
	186 		37 					
	186 		37 					
	186 		37 					
	186 		37 					
	186 		37 					
	186 		37 					
	186 		37 					
	186 		37 					
	186 		37 					
	186 		37 					
	186 		37 					
	186 		37 					
	186 		37 					
	186 		37 					
	186 		37 					
	186 		37 					
	186 		37 					
	186 		37 					
	186 		37 					
	186 		37 					
	186 		37 					
	186 		37 					
	186 		37 					
	186 		37 					
	186 		37 					
	186 		37 					
	186 		37 					
	186 		37 					
	186 		37 					
	186 		37 					
	186 		37 					
	186 		37 					
	186 		37 					
	186 		37 					
	186 		37 					
	186 		37 					
	186 		37 					
	186 		37 					
	186 		37 					
	186 		37 					
	186 		37 					
	186 		37 					
	186 		37 					
	186 		37 					
	186 		37 					
	186 		37 					
	186 		37 					
	186 		37 					
	186 		37 					
	186 		37 					
	186 		37 					
	186 		37 					
	186 		37 					
	186 		37 					
	186 		37 					
	186 		37 					
	186 		37 					
	186 		37 					
	186 		37 					
	186 		37 					
	186 		37 					
	186 		37 					
	186 		37 					
	186 		37 					
	186 		37 					
	186 		37 					
	186 		37 					
	186 		37 					
	186 		37 					
	186 		37 					
	186 		37 					
	186 		37 					
	186 		37 					
	186 		37 					
	186 		37 					
	186 		37 					
	186 		37 					
	186 		37 					
	186 		37 					
	186 		37 					
	186 		37 					
	186 		37 					
	186 		37 					
	186 		37 					
	186 		37 					
	186 		37 					
	186 		37 					
	186 		37 					
	186 		37 					
	186 		37 					
	186 		37 					
	186 		37 					
	186 		37 					
	186 		37 					
	186 		37 					
	186 		37 					
	186 		37 					
	186 		37 					
	186 		37 					
	186 		37 					
	186 		37 					
	186 		37 					
	186 		37 					
	186 		37 					
	186 		37 					
	186 		37 					
	186 		37 					
	186 		37 					
	186 		37 					
	186 		37 					
	186 							
	186 							
	186 							
	186 							
	186 							
	186 							
	186 							
	186 							
	186 							
	186 							
	186 							
	186 							
	186 							
	186 							
	186 							
	186 							
	186 							
	186 							
	186 							
	186 							
	186 							
	186 							
	186 							
	186 							
	186 							
	186 							
	186 							
	186 							
	186 							
	186 							
	186 							
	186 							
	186 							
	186 							
	186 							
	186 							
	186 							
	186 							
	186 							
	186 							
	186 							
	186 							
	186 							
	186 							
	186 							
	186 							
	186 							
	186 							
	186 							
	186 							
	186 							
	186 							
	186 							
	186 							
	186 							
	186 							
	186 							
	186 							
	186 							
	186 							
	186 							
	186 							
	186 							
	186 							
	186 							
	186 							
	186 							
	186 							
	186 							
	186 							
	186 							
	186 							
	186 							
	186 							
	186 							
	186 							
	186 							
	186 							
	186 							
	186 							
	186 							
	186 							
	186 							
	186 							
	186 							
	186 							
	186 							
	186 							
	186 							
	186 							
	186 							
	186 							
	186 							
	186 							
	186 							
	186 							
	186 							
	186 							
	186 							
	186 							
	186 							
	186 							
	186 							
	186 							
	186 							
	186 							
	186 							
	186 							
	186 							
	186 							
	186 							
	186 							
	186 							
	186 							
	186 							
	186 							
	186 							
	186 							
	186 							
	186 							
	186 							
	186 							
	186 							
	186 							
	186 							
	186 							
	186 							
	186 							
	186 							
	186 							
	186 							
	186 							
	186 							
	186 							
	186 							
	186 							
	186 							
	186 							
	186 							
	186 							
	186 							
	186 							
	186 							
	186 							
	186 							
	186 							
	186 							
	186 							
	186 							
	186 							
	186 							
	186 							
	186 							
	186 							
	186 							
	186 							
	186 							
	186 							
	186 							
	186 							
	186 							
	186 							
	186 							
	186 							
	186 							
	186 							
	186 							
	186 							
	186 							
	186 							
	186 							
	186 							
	186 							
	186 							
	186 							
	186 							
	186 							
	186 							
	186 							
	186 							
	186 							
	186 							
	186 							
	186 							
	186 							
	186 							
	186 							
	186 							
	186 							
	186 							
	186 							
	186 							
	186 							
	186 							
	186 							
	186 							
	186 							
	186 							
	186 							
	186 							
	186 							
	186 							
	186 							
	186 							
	186 							
	186 							
	186 							
	186 							
	186 							
	186 							
	186 							
	186 							
	186 							
	186 							
	186 							
	186 							
	186 							
	186 							
	186 							
	186 							
	186 							
	186 							
	186 							
	186 							
	186 							
	186 							
	186 							
	186 							
	186 							
	186 							
	186 							
	186 							
	186 							
	186 							
	186 							
	186 							
	186 							
	186 							
	186 							
	186 							
	186 							
	186 							
	186 							
	186 							
	186 							
	186 							
	186 							
	186 							
	186 							
	186 							
	186 							
	186 							
	186 							
	186 							
	186 							
	186 							
	186 							
	186 							
	186 							
	186 							
	186 							
	186 							
	186 							
	186 							
	186 							
	186 							
	186 							
	186 							
	186 							
	186 							
	186 							
	186 							
	186 							
	186 							
	186 							
	186 							
	186 							
	186 							
	186 							
	186 							
	186 							
	186 							
	186 							
	186 							
	186 							
	186 							
	186 							
	186 							
	186 							
	186 							
	186 							
	186 							
	186 							
	186 							
	186 							
	186 							
	186 							
	186 							
	186 							
	186 							
	186 							
	186 							
	186 							
	186 							
	186 							
	186 							
	186 							
	186 							
	186 							
	186 							
	186 							
	186 							
	186 							
	186 							
	186 							
	186 							
	186 							
	186 							
	186 							
	186 							
	186 							
	186 							
	186 							
	186 							
	186 							
	186 							
	186 							
	186 							
	186 							
	186 							
	186 							
	186 							
	186 							
	186 							
	186 							
	186 							
	186 							
	186 							
	186 							
	186 							
	186 							
	186 							
	186 							
	186 							
	186 							
	186 							
	186 							
	186 							
	186 							
	186 							
	186 							
	186 							
	186 							
	186 							
	186 							
	186 							
	186 							
	186 							
	186 							
	186 							
	186 							
	186 							
	186 							
	186 							
	186 							
	186 							
	186 							
	186 							
	186 							
	186 							
	186 							
	186 							
	186 							
	186 							
	186 							
	186 							
	186 							
	186 							
	186 							
	186 							
	186 							
	186 							
	186 							
	186 							
	186 							
	186 							
	186 							
	186 							
	186 							
	186 							
	186 							
	186 							
	186 							
	186 							
	186 							
	186 							
	186 							
	186 							
	186 							
	186 							
	186 							
	186 							
	186 							
	186 							
	186 							
	186 							
	186 							
	186 							
	186 							
	186 							
	186 							
	186 							
	186 							
	186 							
	186 							
	186 							
	186 							
	186 							
	186 							
	186 							
	186 							
	186 							
	186 							
	186 							
	186 							
	186 							
	186 							
	186 							
	186 							
	186 							
	186 							
	186 							
	186 							
	186 							
	186 							
	186 							
	186 							
	186 							
	186 							
	186 							
	186 							
	186 							
	186 							
	186 							
	186 							
	186 							
	186 							
	186 							
	186 							
	186 							
	186 							
	186 							
	186 							
	186 							
	186 							
	186 							
	186 							
	186 							
	186 							
	186 							
	186 							
	186 							
	186 							
	186 							
	186 							
	186 							
	186 							
	186 							
	186 							
	186 							
	186 							
	186 							
	186 							
	186 							
	186 							
	186 							
	186 							
	186 							
	186 							
	186 							
	186 							
	186 							
	186 							
	186 							
	186 							
	186 							
	186 							
	186 							
	186 							
	186 							
	186 							
	186 							
	186 							
	186 							
	186 							
	186 							
	186 							
	186 							
	186 							
	186 							
	186 							
	186 							
	186 							
	186 							
	186 							
	186 							
	186 							
	186 							
	186 							
	186 							
	186 							
	186 							
	186 							
	186 							
	186 							
	186 							
	186 							
	186 							
	186 							
	186 							
	186 							
	186 							
	186 							
	186 							
	186 							
	186 							
	186 							
	186 							
	186 							
	186 							
	186 							
	186 							
	186 							
	186 							
	186 							
	186 							
	186 							
	186 							
	186 							
	186 							
	186 							
	186 							
	186 							
	186 							
	186 							
	186 							
	186 							
	186 							
	186 							
	186 							
	186 							
	186 							
	186 							
	186 							
	186 							
	186 							
	186 							
	186 							
	186 							
	186 							
	186 							
	186 							
	186 							
	183 							
	183 							
	183 							
	183 							
	183 							
	183 							
	183 							
	183 							
	183 							
	183 							
	183 							
	183 							
	183 							
	183 							
	183 							
	183 							
	183 							
	183 							
	183 							
	183 							
	183 							
	183 							
	183 							
	183 							
	183 							
	183 							
	183 							
	183 							
	183 							
	183 							
	183 							
	183 							
	183 							
	183 							
	183 							
	183 							
	183 							
	183 							
	183 							
	183 							
	183 							
	183 							
	183 							
	183 							
	183 							
	183 							
	183 							
	183 							
	183 							
	183 							
	183 							
	183 							
	183 							
	183 							
	183 							
	183 							
	183 							
	183 							
	183 							
	183 							
	183 							
	183 							
	183 							
	183 							
	183 							
	183 							
	183 							
	183 							
	183 							
	183 							
	183 							
	183 							
	183 							
	183 							
	183 							
	183 							
	183 							
	183 							
	183 							
	183 							
	183 							
	183 							
	183 							
	183 							
	183 							
	183 							
	183 							
	183 							
	183 							
	183 							
	183 							
	183 							
	183 							
	183 							
	183 							
	183 							
	183 							
	183 							
	183 							
	183 							
	183 							
	183 							
	183 							
	183 							
	183 							
	183 							
	183 							
	183 							
	183 							
	183 							
	183 							
	183 							
	183 							
	183 							
	183 							
	183 							
	183 							
	183 							
	183 							
	183 							
	183 							
	183 							
	183 							
	183 							
	183 							
	183 							
	183 							
	183 							
	183 							
	183 							
	183 							
	183 							
	183 							
	183 							
	183 							
	183 							
	183 							
	183 							
	183 							
	183 							
	183 							
	183 							
	183 							
	183 							
	183 							
	183 							
	183 							
	183 							
	183 							
	183 							
	183 							
	183 							
	183 							
	183 							
	183 							
	183 							
	183 							
	183 							
	183 							
	183 							
	183 							
	183 							
	183 							
	183 							
	183 							
	183 							
	183 							
	183 							
	183 							
	183 							
	183 							
	183 							
	183 							
	183 							
	183 							
	183 							
	183 							
	183 							
	183 							
	183 							
	183 							
	183 							
	183 							
	183 							
	183 							
	183 							
	183 							
	183 							
	183 							
	183 							
	183 							
	183 							
	183 							
	183 							
	183 							
	183 							
	183 							
	183 							
	183 							
	183 							
	183 							
	183 							
	183 							
	183 							
	183 							
	183 							
	183 							
	183 							
	183 							
	183 							
	183 							
	183 							
	183 							
	183 							
	183 							
	183 							
	183 							
	183 							
	183 							
	183 							
	183 							
	183 							
	183 							
	183 							
	183 							
	183 							
	183 							
	183 							
	183 							
	183 							
	183 							
	183 							
	183 							
	183 							
	183 							
	183 							
	183 							
	183 							
	183 							
	183 							
	183 							
	183 							
	183 							
	183 							
	183 							
	183 							
	183 							
	183 							
	183 							
	183 							
	183 							
	183 							
	183 							
	183 							
	183 							
	183 							
	183 							
	183 							
	183 							
	183 							
	183 							
	183 							
	183 							
	183 							
	183 							
	183 							
	183 							
	183 							
	183 							
	183 							
	183 							
	183 							
	183 							
	183 							
	183 							
	183 							
	183 							
	183 							
	183 							
	183 							
	183 							
	183 							
	183 							
	183 							
	183 							
	183 							
	183 							
	183 							
	183 							
	183 							
	183 							
	183 							
	183 							
	183 							
	183 							
	183 							
	183 							
	183 							
	183 							
	183 							
	183 							
	183 							
	183 							
	183 							
	183 							
	183 							
	183 							
	183 							
	183 							
	183 							
	183 							
	183 							
	183 							
	183 							
	183 							
	183 							
	183 							
	183 							
	183 							
	183 							
	183 							
	183 							
	183 							
	183 							
	183 							
	183 							
	183 							
	183 							
	183 							
	183 							
	183 							
	183 							
	183 							
	183 							
	183 							
	183 							
	183 							
	183 							
	183 							
	183 							
	183 							
	183 							
	183 							
	183 							
	183 							
	183 							
	183 							
	183 							
	183 							
	183 							
	183 							
	183 							
	183 							
	183 							
	183 							
	183 							
	183 							
	183 							
	183 							
	183 							
	183 							
	183 							
	183 							
	183 							
	183 							
	183 							
	183 							
	183 							
	183 							
	183 							
	183 							
	183 							
	183 							
	183 							
	183 							
	183 							
	183 							
	183 							
	183 							
	183 							
	183 							
	183 							
	183 							
	183 							
	183 							
	183 							
	183 							
	183 							
	183 							
	183 							
	183 							
	183 							
	183 							
	183 							
	183 							
	183 							
	183 							
	183 							
	183 							
	183 							
	183 							
	183 							
	183 							
	183 							
	183 							
	183 							
	183 							
	183 							
	183 							
	183 							
	183 							
	183 							
	183 							
	183 							
	183 							
	183 							
	183 							
	183 							
	183 							
	183 							
	183 							
	183 							
	183 							
	183 							
	183 							
	183 							
	183 							
	183 							
	183 							
	183 							
	183 							
	183 							
	183 							
	183 							
	183 							
	183 							
	183 							
	183 							
	183 							
	183 							
	183 							
	183 							
	183 							
	183 							
	183 							
	183 							
	183 							
	183 							
	183 							
	183 							
	183 							
	183 							
	183 							
	183 							
	183 							
	183 							
	183 							
	183 							
	183 							
	183 							
	183 							
	183 							
	183 							
	183 							
	183 							
	183 							
	183 							
	183 							
	183 							
	183 							
	183 							
	183 							
	183 							
	183 							
	183 							
	183 							
	183 							
	183 							
	183 							
	183 							
	183 							
	183 							
	183 							
	183 							
	183 							
	183 							
	183 							
	183 							
	183 							
	183 							
	183 							
	183 							
	183 							
	183 							
	183 							
	183 							
	183 							
	183 							
	183 							
	183 							
	183 							
	183 							
	183 							
	183 							
	183 							
	183 							
	183 							
	183 							
	183 							
	183 							
	183 							
	183 							
	183 							
	183 							
	183 							
	183 							
	183 							
	183 							
	183 							
	183 							
	183 							
	183 							
	183 							
	183 							
	183 							
	183 							
	183 							
	183 							
	183 							
	183 							
	183 							
	183 							
	183 							
	183 							
	183 							
	183 							
	183 							
	183 							
	183 							
	183 							
	183 							
	183 							
	183 							
	183 							
	183 							
	183 							
	183 							
	183 							
	183 							
	183 							
	183 							
	183 							
	183 							
	183 							
	183 							
	183 							
	183 							
	183 							
	183 							
	183 							
	183 							
	183 							
	183 							
	183 							
	183 							
	183 							
	183 							
	183 							
	183 							
	183 							
	183 							
	183 							
	183 							
	183 							
	183 							
	183 							
	183 							
	183 							
	183 							
	183 							
	183 							
	183 							
	183 							
	183 							
	183 							
	183 							
	183 							
	183 							
	183 							
	183 							
	183 							
	183 							
	183 							
	183 							
	183 							
	183 							
	183 							
	183 							
	183 							
	183 							
	183 							
	183 							
	183 							
	183 							
	183 							
	183 							
	183 							
	183 							
	183 							
	183 							
	183 							
	183 							
	183 							
	183 							
	183 							
	183 							
	183 							
	183 							
	183 							
	183 							
	183 							
	183 							
	183 							
	183 							
	183 							
	183 							
	183 							
	183 							
	183 							
	183 							
	183 							
	183 							
	183 							
	183 							
	183 							
	183 							
	183 							
	183 							
	183 							
	183 							
	183 							
	183 							
	183 							
	183 							
	183 							
	183 							
	183 							
	183 							
	183 							
	183 							
	183 							
	183 							
	183 							
	183 							
	183 							
	183 							
	183 							
	183 							
	183 							
	183 							
	183 							
	183 							
	183 							
	183 							
	183 							
	183 							
	183 							
	183 							
	183 							
	183 							
	183 							
	183 							
	183 							
	183 							
	183 							
	183 							
	183 							
	183 							
	183 							
	183 							
	183 							
	183 							
	183 							
	183 							
	183 							
	183 							
	183 							
	183 							
	183 							
	183 							
	183 							
	183 							
	183 							
	183 							
	183 							
	183 							
	183 							
	183 							
	183 							
	183 							
	183 							
	183 							
	183 							
	183 							
	183 							
	183 							
	183 							
	183 							
	183 							
	183 							
	183 							
	183 							
	183 							
	183 							
	183 							
	183 							
	183 							
	183 							
	183 							
	183 							
	183 							
	183 							
	183 							
	183 							
	183 							
	183 							
	183 							
	183 							
	183 							
	183 							
	183 							
	183 							
	183 							
	183 							
	183 							
	183 							
	183 							
	183 							
	183 							
	183 							
	183 							
	183 							
	183 							
	183 							
	183 							
	183 							
	183 							
	183 							
	183 							
	183 							
	183 							
	183 							
	183 							
	183 							
	183 							
	183 							
	183 							
	183 							
	183 							
	183 							
	183 							
	183 							
	183 							
	183 							
	183 							
	183 							
	183 							
	183 							
	183 							
	183 							
	183 							
	183 							
	183 							
	183 							
	183 							
	183 							
	183 							
	183 							
	183 							
	183 							
	183 							
	183 							
	183 							
	183 							
	183 							
	183 							
	183 							
	183 							
	183 							
	183 							
	183 							
	183 							
	183 							
	183 							
	183 							
	183 							
	183 							
	183 							
	183 							
	183 							
	183 							
	183 							
	183 							
	183 							
	183 							
	183 							
	183 							
	183 							
	183 							
	183 							
	183 							
	183 							
	183 							
	183 							
	183 							
	183 							
	183 							
	183 							
	183 							
	183 							
	183 							
	183 							
	183 							
	183 							
	183 							
	183 							
	183 							
	183 							
	183 							
	183 							
	183 							
	183 							
	183 							
	183 							
	183 							
	183 							
	183 							
	183 							
	183 							
	183 							
	183 							
	183 							
	183 							
	183 							
	183 							
	183 							
	183 							
	183 							
	183 							
	183 							
	183 							
	183 							
	183 							
	183 							
	183 							
	183 							
	183 							
	183 							
	183 							
	183 							
	183 							
	183 							
	183 							
	183 							
	183 							
	183 							
	183 							
	183 							
	183 							
	183 							
	183 							
	183 							
	183 							
	183 							
	183 							
	183 							
	183 							
	183 							
	183 							
	183 							
	183 							
	183 							
	183 							
	183 							
	183 							
	183 							
	183 							
	183 							
	183 							
	183 							
	183 							
	183 							
	183 							
	183 							
	183 							
	183 							
	183 							
	183 							
	183 							
	183 							
	183 							
	183 							
	183 							
	183 							
	183 							
	183 							
	183 							
	183 							
	183 							
	183 							
	183 							
	183 							
	183 							
	183 							
	183 							
	183 							
	183 							
	183 							
	183 							
	183 							
	183 							
	183 							
	183 							
	183 							
	183 							
	183 							
	183 							
	183 							
	183 							
	183 							
	183 							
	183 							
	183 							
	183 							
	183 							
	183 							
	183 							
	183 							
	183 							
	183 							
	183 							
	183 							
	183 							
	183 							
	183 							
	183 							
	183 							
	183 							
	183 							
	183 							
	183 							
	183 							
	183 							
	183 							
	183 							
	183 							
	183 							
	183 							
	183 							
	183 							
	183 							
	183 							
	183 							
	183 							
	183 							
	183 							
	183 							
	183 							
	183 							
	183 							
	183 							
	183 							
	183 							
	183 							
	183 							
	183 							
	183 							
	183 							
	183 							
	183 							
	183 							
	183 							
	183 							
	183 							
	183 							
	183 							
	183 							
	183 							
	183 							
	183 							
	183 							
	183 							
	183 							
	183 							
	183 							
	183 							
	183 							
	183 							
	183 							
	183 							
	183 							
	183 							
	183 							
	183 							
	183 							
	183 							
	183 							
	183 							
	183 							
	183 							
	183 							
	183 							
	183 							
	183 							
	183 							
	183 							
	183 							
	183 							
	183 							
	183 							
	183 							
	183 							
	183 							
	183 							
	183 							
	183 							
	183 							
	183 							
	183 							
	183 							
	183 							
	183 							
	183 							
	183 							
	183 							
	183 							
	183 							
	183 							
	183 							
	183 							
	183 							
	183 							
	183 							
	183 							
	183 							
	183 							
	183 							
	183 							
	183 							
	183 							
	183 							
	183 							
	183 							
	183 							
	183 							
	183 							
	183 							
	183 							
	183 							
	183 							
	183 							
	183 							
	183 							
	183 							
	183 							
	183 							
	183 							
	183 							
	183 							
	183 							
	183 							
	183 							
	183 							
	183 							
	183 							
	183 							
	183 							
	183 							
	183 							
	183 							
	183 							
	183 							
	183 							
	183 							
	183 							
	183 							
	183 							
	183 							
	183 							
	183 							
	183 							
	183 							
	183 							
	183 							
	183 							
	183 							
	183 							
	183 							
	183 							
	183 							
	183 							
	183 							
	183 							
	183 							
	183 							
	183 							
	183 							
	183 							
	183 							
	183 							
	183 							
	183 							
	183 							
	183 							
	183 							
	183 							
	183 							
	183 							
	183 							
	183 							
	183 							
	183 							
	183 							
	183 							
	183 							
	183 							
	183 							
	183 							
	183 							
	183 							
	183 							
	183 							
	183 							
	183 							
	183 							
	183 							
	183 							
	183 							
	183 							
	183 							
	183 							
	183 							
	183 							
	183 							
	183 							
	183 							
	183 							
	183 							
	183 							
	183 							
	183 							
	183 							
	183 							
	183 							
	183 							
	183 							
	183 							
	183 							
	183 							
	183 							
	183 							
	183 							
	183 							
	183 							
	183 							
	183 							
	183 							
	183 							
	183 							
	183 							
	183 							
	183 							
	183 							
	183 							
	183 							
	183 							
	183 							
	183 							
	183 							
	183 							
	183 							
	183 							
	183 							
	183 							
	183 							
	183 							
	183 							
	183 							
	183 							
	183 							
	183 							
	183 							
	183 							
	183 							
	183 							
	183 							
	183 							
	183 							
	183 							
	183 							
	183 							
	183 							
	183 							
	183 							
	183 							
	183 							
	183 							
	183 							
	183 							
	183 							
	183 							
	183 							
	183 							
	183 							
	183 							
	183 							
	183 							
	183 							
	183 							
	183 							
	183 							
	183 							
	183 							
	183 							
	183 							
	183 							
	183 							
	183 							
	183 							
	183 							
	183 							
	183 							
	183 							
	183 							
	183 							
	183 							
	183 							
	183 							
	183 							
	183 							
	183 							
	183 							
	183 							
	183 							
	183 							
	183 							
	183 							
	183 							
	183 							
	183 							
	183 							
	183 							
	183 							
	183 							
	183 							
	183 							
	183 							
	183 							
	183 							
	183 							
	183 							
	183 							
	183 							
	183 							
	183 							
	183 							
	183 							
	183 							
	183 							
	183 							
	183 							
	183 							
	183 							
	183 							
	183 							
	183 							
	183 							
	183 							
	183 							
	183 							
	183 							
	183 							
	183 							
	183 							
	183 							
	183 							
	183 							
	183 							
	183 							
	183 							
	183 							
	183 							
	183 							
	183 							
	183 							
	183 							
	183 							
	183 							
	183 							
	183 							
	183 							
	183 							
	183 							
	183 							
	183 							
	183 							
	183 							
	183 							
	183 							
	183 							
	183 							
	183 							
	183 							
	183 							
	183 							
	183 							
	183 							
	183 							
	183 							
	183 							
	183 							
	183 							
	183 							
	183 							
	183 							
	183 							
	183 							
	183 							
	183 							
	183 							
	183 							
	183 							
	183 							
	183 							
	183 							
	183 							
	183 							
	183 							
	183 							
	183 							
	183 							
	183 							
	183 							
	154 							
	154 							
	154 							
	154 							
	154 							
	154 							
	154 							
	154 							
	154 							
	154 							
	154 							
	154 							
	154 							
	154 							
	154 							
	154 							
	154 							
	154 							
	154 							
	154 							
	154 							
	154 							
	154 							
	154 							
	154 							
	154 							
	154 							
	154 							
	154 							
	154 							
	154 							
	154 							
	154 							
	154 							
	154 							
	154 							
	154 							
	154 							
	154 							
	154 							
	154 							
	154 							
	154 							
	154 							
	154 							
	154 							
	154 							
	154 							
	154 							
	154 							
	154 							
	154 							
	154 							
	154 							
	154 							
	154 							
	154 							
	154 							
	154 							
	154 							
	154 							
	154 							
	154 							
	154 							
	154 							
	154 							
	152 							
	152 							
	152 							
	152 							
	152 							
	152 							
	152 							
	152 							
	152 							
	152 							
	152 							
	152 							
	152 							
	152 							
	152 							
	152 							
	152 							
	152 							
	152 							
	152 							
	152 							
	152 							
	152 							
	152 							
	152 							
	152 							
	152 							
	152 							
	152 							
	152 							
	152 							
	152 							
	152 							
	152 							
	152 							
	152 							
	152 							
	152 							
	152 							
	152 							
	152 							
	152 							
	152 							
	152 							
	152 							
	152 							
	152 							
	152 							
	152 							
	152 							
	152 							
	152 							
	152 							
	152 							
	152 							
	152 							
	152 							
	152 							
	152 							
	152 							
	152 							
	152 							
	152 							
	152 							
	152 							
	152 							
	152 							
	148 							
	79 							
	79 							
	8 							
