amazonEcho	belkinMotion	blipcareBP	BabyMonitor	laptop	LIFXlighbulb	Netatmo	sleepSensor	tribySpeaker
9723 	18139 	0	1854 	63152 	1959 	2016 	16254 	3215 
5371 	18139 		1853 	63080 	1096 	1133 	16253 	3064 
4969 	18139 		1853 	62867 	548 	1130 	16248 	302 
4833 	18139 		1853 	58221 	366 	952 	16246 	300 
4832 	18139 		1851 	55224 	138 	952 	16246 	116 
4819 	18139 		1850 	52069 	96 	952 	16245 	66 
4817 	18139 		1850 	49958 	48 	952 	16244 	48 
4817 	18139 		1850 	49355 	48 	930 	10368 	48 
4811 	18139 		1849 	48682 	48 	930 	9830 	48 
4797 	18139 		1849 	47824 	48 	930 	9829 	48 
4796 	18139 		1849 	46686 	48 	930 	9827 	48 
4795 	18139 		1849 	46435 	48 	789 	9826 	48 
4789 	18139 		1849 	42946 	48 	729 	9042 	48 
4782 	18139 		1848 	42493 	48 	729 	8667 	48 
4773 	18139 		1848 	41990 	48 	729 	6566 	40 
4757 	18139 		1848 	35742 	48 	729 	5947 	40 
4750 	18139 		1848 	35414 	48 	729 	5650 	39 
4738 	18139 		1848 	35337 	48 	729 	3572 	31 
4734 	18139 		1848 	33826 	48 	729 	3163 	31 
4709 	18139 		1848 	33145 	48 	729 	3063 	4 
3007 	18139 		1848 	31353 	48 	729 	3045 	
2975 	11227 		1848 	30649 	48 	729 	3044 	
2975 	9650 		1848 	30361 	48 	729 	2118 	
2975 	6712 		1848 	29781 	48 	729 	1851 	
2975 	6712 		1848 	28703 	48 	729 	1683 	
2975 	5433 		1848 	27846 	48 	729 	1683 	
2975 	4065 		1847 	27571 	48 	729 	1683 	
2959 	3660 		1847 	27429 	48 	729 	1683 	
2959 	3613 		1847 	27266 	48 	729 	1500 	
2959 	3613 		1847 	26914 	48 	729 	859 	
2959 	3613 		1847 	26627 	48 	729 	663 	
2959 	3613 		1847 	24520 	48 	729 	663 	
2959 	3613 		1847 	24270 	48 	729 	663 	
2959 	3613 		1847 	24261 	48 	729 	663 	
2959 	3613 		1846 	23957 	48 	729 	663 	
2959 	3613 		1846 	23766 	48 	729 	663 	
2959 	3613 		1846 	23428 	48 	729 	663 	
2959 	3613 		1846 	23216 	48 	729 	663 	
2959 	3613 		1846 	22956 	48 	729 	663 	
2959 	3613 		1846 	22956 	48 	659 	663 	
2959 	3613 		1846 	22956 	48 	658 	663 	
2959 	3613 		1846 	22155 	48 	656 	663 	
2959 	3613 		1846 	22118 	48 	340 	663 	
2959 	3613 		1846 	21995 	48 	313 	663 	
2959 	3613 		1846 	21412 	48 	307 	663 	
2959 	3613 		1846 	21392 	48 	280 	663 	
2959 	3613 		1846 	20691 	48 	224 	663 	
2959 	3613 		1846 	20473 	48 	224 	663 	
2959 	3613 		1846 	18957 	48 	224 	663 	
2959 	3613 		1846 	18754 	48 	224 	663 	
2959 	3613 		1846 	18320 	48 	224 	663 	
2959 	3613 		1846 	18009 	48 	183 	663 	
2959 	3613 		1846 	17910 	48 	183 	575 	
2959 	3613 		1846 	17898 	48 	183 	572 	
2959 	3613 		1846 	17879 	48 	183 	571 	
2959 	3613 		1846 	17772 	48 	168 	571 	
2959 	3613 		1846 	17424 	48 	168 	571 	
2959 	3613 		1846 	17161 	48 	168 	550 	
2959 	3613 		1846 	16832 	48 	168 	477 	
2959 	3613 		1846 	16826 	48 	168 	300 	
2959 	3613 		1846 	16402 	48 	134 	289 	
2959 	3613 		1846 	16369 	48 	112 	289 	
2959 	3613 		1846 	16261 	48 	80 	289 	
2959 	3613 		1846 	15990 	48 	72 	289 	
2959 	3613 		1846 	15820 	48 	72 	289 	
2959 	3613 		1846 	15720 	48 	72 	289 	
2959 	3613 		1846 	15551 	48 	72 	289 	
2959 	3613 		1846 	15449 	48 	72 	289 	
2959 	3613 		1846 	15269 	48 	72 	289 	
2959 	3613 		1846 	15140 	48 	72 	289 	
2959 	3613 		1846 	15112 	48 	72 	289 	
2959 	3613 		1846 	15046 	48 	48 	289 	
2959 	3613 		1846 	14906 	48 	48 	289 	
2959 	3613 		1846 	14738 	48 	48 	289 	
2959 	3613 		1846 	14429 	48 	48 	289 	
2959 	3613 		1846 	14104 	48 	48 	289 	
2959 	3613 		1846 	13606 	48 	48 	289 	
2959 	3613 		1846 	13480 	48 	48 	289 	
2959 	3613 		1846 	13141 	48 	48 	289 	
2959 	3613 		1846 	12840 	48 	48 	289 	
2959 	3613 		1846 	12282 	48 	48 	289 	
2959 	3613 		1846 	12207 	48 	48 	289 	
2959 	3613 		1846 	12060 	48 	48 	289 	
2959 	3613 		1846 	12060 	48 	48 	289 	
2959 	3613 		1846 	11985 	48 	48 	289 	
2959 	3613 		1846 	11985 	48 	48 	289 	
2959 	3613 		1846 	11776 	48 	48 	284 	
2959 	3613 		1846 	11769 	48 	48 	284 	
2959 	3613 		1846 	11576 	48 	48 	284 	
2959 	3356 		1846 	11496 	48 	48 	284 	
2959 	3179 		548 	11153 	48 	48 	284 	
2959 	2464 		395 	10995 	48 	48 	284 	
2959 	2047 		395 	10622 	48 	48 	284 	
2959 	1876 		395 	10615 	48 	48 	284 	
2959 	1848 		395 	10498 	48 	48 	284 	
2959 	945 		395 	10447 	48 	48 	284 	
2959 	659 		395 	10435 	48 	48 	284 	
2959 	616 		395 	10363 	48 	48 	284 	
2959 	616 		395 	10295 	48 	48 	284 	
2959 	304 		395 	10178 	48 	48 	284 	
2959 	252 		395 	10140 	48 	48 	284 	
2959 	244 		395 	10120 	48 	48 	284 	
2959 	244 		394 	9728 	48 	48 	284 	
2959 	244 		394 	9717 	48 	48 	284 	
2959 	244 		394 	9669 	48 	48 	284 	
2959 	244 		394 	9653 	48 	48 	284 	
2959 	244 		394 	9644 	48 	48 	284 	
2959 	244 		394 	9621 	48 	48 	284 	
2959 	244 		394 	9527 	48 	48 	284 	
2959 	244 		394 	9516 	48 	48 	284 	
2959 	244 		393 	9516 	48 	48 	284 	
2959 	244 		393 	9459 	48 	48 	282 	
2959 	244 		393 	9451 	48 	48 	282 	
2959 	244 		393 	9406 	48 	48 	282 	
2959 	244 		393 	9380 	48 	48 	282 	
2485 	244 		393 	9258 	48 	48 	282 	
735 	244 		393 	9250 	48 	48 	282 	
735 	244 		393 	9211 	48 	48 	282 	
735 	244 		393 	9172 	48 	48 	282 	
735 	244 		393 	9105 	48 	48 	282 	
735 	244 		393 	9041 	48 	48 	282 	
735 	244 		393 	8976 	48 	48 	282 	
735 	244 		393 	8965 	48 	48 	282 	
735 	244 		393 	8777 	48 	48 	282 	
735 	244 		393 	8751 	48 	48 	282 	
735 	244 		393 	8740 	48 	48 	282 	
735 	244 		393 	8734 	48 	48 	282 	
735 	244 		393 	8674 	48 	48 	282 	
735 	244 		393 	8643 	48 	48 	282 	
735 	244 		393 	8630 	48 	48 	282 	
735 	244 		393 	8603 	48 	48 	282 	
735 	244 		393 	8579 	48 	48 	282 	
735 	244 		393 	8543 	48 	48 	282 	
735 	244 		393 	8502 	48 	48 	282 	
560 	244 		393 	8406 	48 	48 	282 	
517 	244 		393 	8297 	48 	48 	282 	
517 	244 		393 	8181 	48 	48 	222 	
517 	244 		393 	8144 	48 	48 	222 	
517 	244 		393 	8139 	48 	48 	222 	
517 	244 		393 	7849 	48 	48 	222 	
517 	244 		393 	7822 	48 	48 	222 	
517 	244 		393 	7804 	48 	48 	222 	
517 	244 		393 	7777 	48 	48 	222 	
517 	244 		393 	7774 	48 	48 	222 	
517 	244 		393 	7766 	48 	48 	222 	
517 	244 		393 	7763 	48 	48 	222 	
517 	244 		393 	7660 	48 	48 	222 	
517 	244 		392 	7588 	48 	48 	222 	
517 	244 		392 	7564 	48 	48 	222 	
517 	244 		392 	7555 	48 	48 	222 	
517 	244 		392 	7490 	48 	48 	222 	
517 	244 		392 	7444 	48 	48 	222 	
517 	244 		392 	7387 	35 	48 	222 	
517 	244 		392 	7336 	30 	48 	222 	
517 	244 		392 	7331 	30 	48 	222 	
517 	244 		392 	7228 	30 	48 	222 	
517 	244 		392 	7115 	30 	48 	222 	
517 	244 		392 	7073 	30 	48 	222 	
517 	244 		392 	7069 	30 	48 	222 	
517 	244 		392 	7021 	30 	48 	222 	
517 	244 		392 	6892 	30 	48 	222 	
517 	244 		392 	6889 	30 	48 	222 	
517 	244 		392 	6887 	30 	48 	222 	
517 	244 		392 	6887 	30 	48 	222 	
454 	244 		392 	6856 	30 	48 	222 	
280 	244 		392 	6808 	30 	48 	222 	
280 	244 		392 	6784 	30 	48 	222 	
203 	244 		392 	6782 	30 	48 	222 	
159 	244 		392 	6758 	30 	48 	222 	
149 	244 		392 	6757 	30 	46 	222 	
96 	244 		392 	6755 	30 	46 	222 	
96 	244 		392 	6748 	30 	46 	222 	
96 	244 		392 	6746 	30 	46 	222 	
82 	244 		392 	6746 	30 	46 	222 	
80 	244 		392 	6744 	30 	46 	222 	
48 	244 		391 	6742 	30 	46 	222 	
48 	244 		390 	6724 	30 	46 	222 	
48 	244 		321 	6695 	30 	46 	222 	
48 	244 		321 	6692 	30 	45 	222 	
48 	244 		321 	6667 	30 	45 	222 	
48 	244 		321 	6662 	30 	45 	222 	
48 	244 		321 	6628 	30 	45 	222 	
48 	244 		321 	6604 	30 	45 	222 	
48 	244 		321 	6601 	30 	44 	222 	
48 	244 		321 	6597 	30 	44 	222 	
48 	244 		321 	6591 	30 	43 	222 	
48 	244 		321 	6585 	30 	43 	222 	
48 	244 		321 	6575 	30 	39 	183 	
48 	244 		321 	6540 	30 	39 	183 	
48 	244 		321 	6523 	30 	39 	183 	
48 	244 		321 	6509 	30 	39 	183 	
48 	244 		321 	6497 	30 	39 	183 	
48 	244 		273 	6461 	30 	39 	183 	
48 	244 		273 	6459 	30 	39 	183 	
48 	244 		273 	6399 	30 	39 	183 	
48 	244 		273 	6393 	30 	39 	183 	
48 	244 		273 	6393 	30 	39 	183 	
48 	244 		273 	6392 	30 	37 	183 	
48 	244 		273 	6152 	30 	37 	183 	
48 	244 		273 	6142 	30 	37 	183 	
48 	244 		273 	6102 	30 	37 	183 	
48 	244 		273 	6095 	30 	36 	183 	
48 	244 		273 	6040 	30 	36 	183 	
48 	244 		273 	6031 	30 	36 	183 	
48 	244 		273 	6026 	30 	36 	183 	
48 	244 		273 	6026 	30 	36 	183 	
48 	244 		273 	6026 	30 	36 	183 	
48 	244 		273 	6026 	30 	36 	183 	
48 	244 		272 	6026 	30 	36 	183 	
48 	244 		272 	6026 	30 	36 	183 	
48 	244 		272 	6026 	30 	36 	183 	
48 	244 		272 	6026 	30 	36 	183 	
48 	244 		272 	6026 	30 	36 	183 	
48 	244 		272 	6026 	30 	36 	183 	
48 	244 		272 	6026 	30 	36 	183 	
48 	244 		221 	6026 	30 	36 	183 	
48 	244 		221 	6026 	30 	36 	183 	
48 	244 		221 	6026 	30 	36 	183 	
48 	244 		221 	6026 	30 	36 	183 	
48 	244 		221 	6026 	30 	36 	183 	
48 	244 		221 	6026 	30 	36 	183 	
48 	244 		221 	6026 	30 	36 	183 	
48 	244 		221 	6026 	30 	36 	183 	
48 	244 		221 	6026 	30 	36 	183 	
48 	244 		221 	6026 	30 	36 	183 	
48 	244 		221 	6026 	30 	36 	183 	
48 	244 		221 	6026 	30 	36 	183 	
48 	244 		221 	6026 	30 	33 	183 	
48 	244 		221 	6026 	30 	33 	183 	
48 	244 		221 	6026 	30 	33 	183 	
48 	244 		221 	6026 	30 	33 	183 	
48 	244 		221 	6026 	30 	32 	183 	
48 	244 		221 	6026 	30 	32 	183 	
48 	244 		221 	6026 	30 	32 	183 	
48 	244 		221 	6026 	30 	32 	183 	
48 	244 		221 	6026 	30 	32 	183 	
48 	244 		221 	6026 	30 	32 	183 	
48 	244 		221 	6026 	30 	32 	183 	
48 	244 		182 	6026 	30 	32 	160 	
48 	244 		182 	6026 	30 	32 	38 	
48 	244 		182 	6026 	30 	32 	38 	
48 	244 		182 	6026 	30 	32 	38 	
48 	244 		182 	6026 	30 	32 	38 	
48 	244 		182 	6026 	30 	32 	38 	
48 	244 		182 	6026 	30 	32 	38 	
48 	244 		182 	6026 	30 	32 	38 	
48 	244 		182 	6026 	30 	32 	38 	
48 	244 		182 	6026 	30 	32 	38 	
48 	244 		182 	6026 	30 	32 	38 	
48 	244 		182 	6026 	30 	32 	38 	
48 	244 		182 	6026 	30 	32 	38 	
48 	244 		182 	6026 	30 	32 	38 	
48 	244 		182 	6026 	30 	32 	38 	
48 	244 		182 	6026 	30 	32 	38 	
48 	244 		182 	6026 	30 	32 	38 	
48 	244 		182 	6026 	30 	32 	38 	
48 	244 		182 	6026 	30 	32 	38 	
48 	227 		182 	6026 	30 	32 	38 	
48 	227 		182 	6026 	30 	32 	38 	
48 	227 		182 	6026 	30 		38 	
48 	227 		182 	6026 	30 		38 	
48 	227 		100 	6026 	30 		38 	
48 	227 		37 	6026 	30 		38 	
48 	227 		37 	6026 	30 		38 	
48 	227 		37 	6026 	30 		38 	
48 	227 		37 	6026 	30 		38 	
48 	227 		37 	6026 	30 		38 	
48 	227 		37 	6026 	30 		38 	
48 	227 		37 	6026 	30 		38 	
48 	227 		37 	6026 	30 		38 	
48 	227 		37 	6026 	30 		38 	
48 	227 		37 	6026 	30 		38 	
48 	227 		37 	6026 	30 		38 	
48 	227 		37 	6026 	30 		38 	
48 	227 		37 	6026 	30 		38 	
48 	227 		37 	6026 	30 		38 	
48 	227 		37 	6026 	30 		38 	
48 	227 		37 	6026 	30 		38 	
48 	227 		37 	6026 	30 		38 	
48 	227 		37 	6026 	30 		38 	
48 	227 		37 	6026 	30 		38 	
48 	227 		37 	6026 	30 		38 	
48 	227 		37 	6026 	30 		38 	
48 	227 		37 	6026 	30 		38 	
48 	227 		37 	6026 	30 		38 	
48 	227 		37 	6026 	30 		38 	
48 	227 		37 	6026 	30 		38 	
48 	227 		37 	6026 	30 		38 	
48 	227 		37 	6026 	30 		38 	
48 	227 		37 	6026 	30 		38 	
48 	227 		37 	6026 	30 		38 	
48 	227 		37 	6026 	30 		38 	
48 	227 		37 	6026 	30 		38 	
48 	227 		37 	6026 	30 		38 	
48 	227 		37 	6026 	30 		38 	
48 	227 		37 	6026 	30 		38 	
48 	227 		37 	6026 	30 		38 	
48 	227 		37 	6026 	30 		38 	
48 	227 		37 	6026 	30 		38 	
48 	227 		37 	6026 	30 		38 	
48 	227 		37 	6026 	30 		38 	
48 	227 		37 	6026 	30 		38 	
48 	204 		37 	6026 	30 		38 	
48 	202 		37 	6026 	30 		38 	
48 	198 		37 	6026 	30 		38 	
48 	198 		37 	6026 	30 		38 	
48 	198 		37 	6026 	30 		38 	
48 	198 		37 	6026 	30 		38 	
48 	198 		37 	6026 	30 		38 	
48 	198 		37 	6026 	30 		38 	
48 	198 		37 	6026 	30 		38 	
48 	198 		37 	6026 	30 		38 	
48 	198 		37 	6026 	30 		38 	
48 	198 		37 	6026 	30 		38 	
48 	198 		37 	6026 	30 		38 	
48 	198 		37 	6026 	30 		38 	
48 	198 		37 	6026 	30 		38 	
48 	198 		37 	6026 	30 		38 	
48 	198 		37 	6026 	30 		38 	
48 	198 		37 	6026 	30 		38 	
48 	198 		37 	6026 	30 		38 	
48 	198 		37 	6026 	30 		38 	
48 	198 		37 	6026 	30 		38 	
48 	198 		37 	6026 	30 		38 	
48 	198 		37 	6026 	30 		38 	
48 	198 		37 	6026 	30 		38 	
48 	198 		37 	6026 	30 		38 	
48 	198 		37 	6026 	30 		38 	
48 	198 		37 	6026 	30 		38 	
48 	198 		37 	6026 	30 		38 	
48 	198 		37 	6026 	30 		38 	
48 	198 		37 	6026 	30 		38 	
48 	198 		37 	6026 	30 		38 	
48 	198 		37 	6026 	30 		38 	
48 	198 		37 	6026 	30 		38 	
48 	198 		37 	6026 	30 		38 	
48 	198 		37 	6026 	30 		38 	
48 	198 		37 	6026 	30 		38 	
48 	198 		37 	6026 	30 		38 	
48 	198 		37 	6026 	30 		38 	
48 	198 		37 	6026 	30 		38 	
48 	198 		37 	6026 	30 		38 	
48 	198 		37 	6026 	30 		38 	
48 	198 		37 	6026 	30 		38 	
48 	198 		37 	6026 	30 		38 	
48 	198 		37 	6026 	30 		38 	
48 	198 		37 	6026 	30 		38 	
48 	198 		37 	6026 	30 		38 	
48 	198 		37 	6026 	30 		38 	
46 	198 		37 	6026 	30 		38 	
46 	196 		37 	6026 	30 		38 	
46 	196 		37 	6026 	30 		38 	
46 	196 		37 	6026 	30 		38 	
46 	196 		37 	6026 	30 		38 	
46 	196 		37 	6026 	30 		38 	
46 	196 		37 	6026 	30 		38 	
46 	196 		37 	6026 	30 		38 	
46 	196 		37 	6026 	30 		38 	
46 	196 		37 	6026 	30 		38 	
46 	196 		37 	6026 	30 		38 	
46 	196 		37 	6014 	30 		38 	
46 	196 		37 	6007 	30 		38 	
46 	196 		37 	5991 	30 		38 	
46 	196 		37 	5942 	30 		38 	
46 	196 		37 	5941 	30 		38 	
46 	196 		37 	5895 	30 		38 	
46 	196 		37 	5892 	30 		38 	
46 	196 		37 	5879 	30 		38 	
46 	196 		37 	5863 	30 		38 	
46 	196 		37 	5860 	30 		38 	
46 	196 		37 	5829 	30 		38 	
46 	196 		37 	5705 	30 		38 	
46 	196 		37 	5688 	30 		38 	
46 	196 		37 	5646 	30 		38 	
46 	196 		37 	5627 	30 		38 	
46 	196 		37 	5618 	30 		38 	
46 	196 		37 	5576 	30 		38 	
46 	196 		37 	5559 	30 		38 	
46 	196 		37 	5513 	30 		38 	
46 	196 		37 	5511 	30 		38 	
46 	196 		37 	5404 	30 		38 	
46 	196 		37 	5371 	30 		38 	
46 	196 		37 	5362 	30 		38 	
46 	196 		37 	5351 	30 		38 	
46 	196 		37 	5322 	30 		38 	
46 	196 		37 	5315 	30 		38 	
46 	196 		37 	5312 	30 		38 	
46 	196 		37 	5304 	30 		38 	
46 	196 		37 	5294 	30 		38 	
46 	196 		37 	5289 	30 		38 	
46 	196 		37 	5287 	30 		38 	
46 	196 		37 	5268 	30 		38 	
46 	196 		37 	5231 	30 		38 	
46 	196 		37 	5219 	30 		38 	
46 	196 		37 	5191 	30 		38 	
46 	196 		37 	5173 	30 		38 	
46 	196 		37 	5173 	30 		38 	
46 	196 		37 	5086 	30 		38 	
46 	196 		37 	5076 	30 		38 	
46 	196 		37 	5069 	30 		38 	
46 	196 		37 	5060 	30 		38 	
46 	196 		37 	5003 	30 		38 	
46 	196 		37 	5002 	30 		38 	
46 	196 		37 	5002 	30 		38 	
46 	196 		37 	4999 	30 		38 	
46 	193 		37 	4986 	30 		38 	
46 	193 		37 	4981 	30 		38 	
46 	193 		37 	4977 	30 		38 	
46 	193 		37 	4952 	30 		38 	
46 	193 		37 	4929 	30 		38 	
46 	193 		37 	4928 	30 		38 	
46 	193 		37 	4876 	30 		38 	
46 	193 		37 	4862 	30 		38 	
46 	193 		37 	4845 	30 		38 	
46 	193 		37 	4804 	30 		38 	
46 	193 		37 	4804 	30 		38 	
46 	193 		37 	4803 	30 		38 	
46 	193 		37 	4798 	30 		38 	
46 	193 		37 	4786 	30 		38 	
46 	193 		37 	4773 	30 		38 	
46 	193 		37 	4758 	30 		38 	
46 	193 		37 	4686 	30 		38 	
46 	193 		37 	4658 	30 		38 	
46 	193 		37 	4650 	30 		38 	
46 	193 		37 	4646 	30 		38 	
46 	193 		37 	4631 	30 		38 	
46 	193 		37 	4628 	30 		38 	
46 	193 		37 	4575 	30 		38 	
46 	193 		37 	4536 	30 		38 	
46 	193 		37 	4524 	30 		38 	
46 	193 		37 	4512 	30 		38 	
46 	193 		37 	4505 	30 		38 	
46 	193 		37 	4500 	30 		38 	
46 	193 		37 	4498 	30 		38 	
46 	193 		37 	4494 	30 		38 	
46 	193 		37 	4483 	30 		38 	
46 	193 		37 	4478 	30 		38 	
46 	193 		37 	4474 	30 		38 	
46 	193 		37 	4442 	30 		38 	
46 	193 		37 	4439 	30 		38 	
46 	193 		37 	4430 	30 		38 	
46 	193 		37 	4350 	30 		38 	
46 	193 		37 	4319 	30 		38 	
46 	193 		37 	4262 	30 		38 	
46 	193 		37 	4228 	30 		38 	
46 	193 		37 	4218 	30 		38 	
46 	193 		37 	4209 	30 		38 	
46 	193 		37 	4195 	30 		38 	
46 	193 		37 	4177 	30 		38 	
46 	193 		37 	4169 	30 		38 	
46 	193 		37 	4167 	30 		38 	
46 	193 		37 	4159 	30 		38 	
46 	193 		37 	4154 	30 			
46 	193 		37 	4139 	30 			
46 	193 		37 	4126 	30 			
46 	193 		37 	4126 	30 			
46 	193 		37 	4126 	30 			
46 	193 		37 	4126 	30 			
46 	193 		37 	4122 	30 			
44 	193 		37 	4104 	30 			
38 	193 		37 	4101 	30 			
37 	193 		37 	4091 	30 			
33 	193 		37 	4091 	30 			
33 	193 		37 	4069 	30 			
33 	193 		37 	4067 	30 			
33 	193 		37 	4041 	30 			
33 	193 		37 	4033 	30 			
33 	193 		37 	4024 	30 			
33 	193 		37 	4006 				
33 	193 		37 	3994 				
33 	193 		37 	3987 				
33 	193 		37 	3981 				
33 	193 		37 	3966 				
33 	193 		37 	3959 				
33 	193 		37 	3939 				
33 	193 		37 	3909 				
33 	193 		37 	3860 				
33 	193 		37 	3858 				
33 	193 		37 	3850 				
33 	193 		37 	3850 				
33 	193 		37 	3850 				
31 	193 		37 	3811 				
	193 		37 	3806 				
	193 		37 	3794 				
	193 		37 	3794 				
	193 		37 	3778 				
	193 		37 	3762 				
	193 		37 	3757 				
	193 		37 	3754 				
	193 		37 	3714 				
	193 		37 	3714 				
	193 		37 	3710 				
	193 		37 	3696 				
	193 		37 	3696 				
	193 		37 	3693 				
	193 		37 	3693 				
	193 		37 	3669 				
	193 		37 	3641 				
	193 		37 	3627 				
	193 		37 	3627 				
	193 		37 	3627 				
	193 		37 	3623 				
	193 		37 	3621 				
	193 		37 	3619 				
	193 		37 	3618 				
	193 		37 	3611 				
	193 		37 	3603 				
	193 		37 	3577 				
	193 		37 	3560 				
	193 		37 	3558 				
	193 		37 	3554 				
	193 		37 	3552 				
	193 		37 	3549 				
	193 		37 	3549 				
	193 		37 	3533 				
	193 		37 	3530 				
	193 		37 	3529 				
	193 		37 	3528 				
	193 		37 	3518 				
	193 			3513 				
	193 			3507 				
	193 			3507 				
	193 			3501 				
	193 			3489 				
	193 			3480 				
	193 			3479 				
	193 			3469 				
	193 			3469 				
	193 			3449 				
	193 			3445 				
	193 			3428 				
	193 			3424 				
	193 			3416 				
	193 			3409 				
	193 			3407 				
	193 			3405 				
	193 			3405 				
	193 			3404 				
	193 			3404 				
	193 			3403 				
	193 			3396 				
	193 			3396 				
	193 			3396 				
	193 			3393 				
	193 			3389 				
	193 			3367 				
	193 			3367 				
	193 			3363 				
	193 			3354 				
	193 			3354 				
	193 			3350 				
	193 			3336 				
	193 			3335 				
	193 			3326 				
	193 			3319 				
	193 			3309 				
	193 			3300 				
	193 			3293 				
	193 			3271 				
	193 			3270 				
	193 			3267 				
	193 			3249 				
	193 			3243 				
	193 			3240 				
	193 			3240 				
	193 			3236 				
	193 			3226 				
	193 			3224 				
	193 			3219 				
	193 			3219 				
	193 			3219 				
	193 			3217 				
	193 			3216 				
	193 			3213 				
	193 			3207 				
	193 			3205 				
	193 			3202 				
	193 			3196 				
	193 			3193 				
	193 			3181 				
	193 			3176 				
	193 			3173 				
	193 			3170 				
	193 			3170 				
	193 			3166 				
	193 			3161 				
	193 			3148 				
	193 			3144 				
	193 			3140 				
	193 			3140 				
	193 			3134 				
	193 			3132 				
	193 			3128 				
	193 			3123 				
	193 			3123 				
	193 			3113 				
	193 			3111 				
	193 			3110 				
	193 			3109 				
	193 			3103 				
	193 			3103 				
	193 			3103 				
	193 			3103 				
	193 			3103 				
	193 			3103 				
	193 			3097 				
	193 			3096 				
	193 			3091 				
	193 			3091 				
	193 			3085 				
	193 			3075 				
	193 			3073 				
	193 			3073 				
	193 			3067 				
	193 			3061 				
	193 			3061 				
	193 			3058 				
	193 			3052 				
	193 			3052 				
	193 			3042 				
	193 			3027 				
	193 			3019 				
	193 			3019 				
	193 			3019 				
	193 			3012 				
	193 			2997 				
	193 			2980 				
	193 			2974 				
	193 			2963 				
	193 			2951 				
	193 			2946 				
	193 			2943 				
	193 			2928 				
	193 			2925 				
	193 			2911 				
	193 			2893 				
	193 			2892 				
	193 			2892 				
	193 			2878 				
	193 			2877 				
	193 			2870 				
	193 			2870 				
	193 			2870 				
	193 			2870 				
	193 			2870 				
	193 			2858 				
	193 			2852 				
	193 			2852 				
	193 			2852 				
	193 			2846 				
	193 			2836 				
	193 			2836 				
	193 			2836 				
	193 			2834 				
	193 			2831 				
	193 			2824 				
	193 			2820 				
	193 			2818 				
	193 			2814 				
	193 			2814 				
	193 			2814 				
	193 			2804 				
	193 			2788 				
	193 			2788 				
	193 			2788 				
	193 			2781 				
	193 			2779 				
	193 			2776 				
	193 			2776 				
	193 			2776 				
	193 			2773 				
	193 			2773 				
	193 			2764 				
	193 			2753 				
	193 			2750 				
	193 			2741 				
	193 			2741 				
	193 			2741 				
	193 			2741 				
	193 			2741 				
	193 			2741 				
	193 			2738 				
	193 			2738 				
	193 			2738 				
	193 			2738 				
	193 			2738 				
	193 			2738 				
	193 			2738 				
	193 			2738 				
	193 			2738 				
	193 			2738 				
	193 			2738 				
	193 			2738 				
	193 			2738 				
	193 			2738 				
	193 			2738 				
	193 			2738 				
	193 			2738 				
	193 			2738 				
	193 			2738 				
	193 			2738 				
	193 			2738 				
	193 			2738 				
	193 			2738 				
	193 			2738 				
	193 			2738 				
	193 			2738 				
	193 			2734 				
	193 			2725 				
	193 			2725 				
	193 			2721 				
	193 			2721 				
	193 			2710 				
	193 			2691 				
	193 			2687 				
	193 			2678 				
	193 			2678 				
	193 			2678 				
	193 			2670 				
	193 			2667 				
	193 			2626 				
	193 			2624 				
	193 			2609 				
	193 			2591 				
	193 			2591 				
	193 			2580 				
	193 			2577 				
	193 			2573 				
	193 			2573 				
	193 			2569 				
	193 			2567 				
	193 			2562 				
	193 			2541 				
	193 			2541 				
	193 			2541 				
	193 			2541 				
	193 			2541 				
	193 			2536 				
	193 			2525 				
	186 			2509 				
	186 			2504 				
	186 			2498 				
	186 			2498 				
	186 			2498 				
	186 			2474 				
	186 			2469 				
	186 			2452 				
	186 			2448 				
	186 			2448 				
	186 			2448 				
	186 			2448 				
	186 			2442 				
	186 			2434 				
	186 			2406 				
	186 			2406 				
	186 			2406 				
	186 			2406 				
	186 			2390 				
	186 			2390 				
	186 			2375 				
	186 			2370 				
	186 			2358 				
	186 			2355 				
	186 			2352 				
	186 			2344 				
	186 			2344 				
	186 			2344 				
	186 			2344 				
	186 			2344 				
	186 			2344 				
	186 			2344 				
	186 			2343 				
	186 			2342 				
	186 			2342 				
	186 			2342 				
	186 			2342 				
	186 			2341 				
	186 			2330 				
	186 			2279 				
	186 			2264 				
	186 			2263 				
	186 			2263 				
	186 			2263 				
	186 			2263 				
	186 			2263 				
	186 			2263 				
	186 			2263 				
	186 			2262 				
	186 			2262 				
	186 			2262 				
	186 			2258 				
	186 			2258 				
	186 			2258 				
	186 			2258 				
	186 			2258 				
	186 			2258 				
	186 			2239 				
	186 			2228 				
	186 			2222 				
	186 			2221 				
	186 			2208 				
	186 			2197 				
	186 			2175 				
	186 			2161 				
	186 			2160 				
	186 			2160 				
	186 			2144 				
	186 			2138 				
	186 			2138 				
	186 			2119 				
	186 			2108 				
	186 			2089 				
	186 			2075 				
	186 			2036 				
	186 			2036 				
	186 			2035 				
	186 			2008 				
	186 			2007 				
	186 			2006 				
	186 			2004 				
	186 			2004 				
	186 			1996 				
	186 			1996 				
	186 			1996 				
	186 			1996 				
	186 			1996 				
	186 			1996 				
	186 			1996 				
	186 			1996 				
	186 			1996 				
	186 			1996 				
	186 			1996 				
	186 			1996 				
	186 			1996 				
	186 			1996 				
	186 			1996 				
	186 			1994 				
	186 			1990 				
	186 			1982 				
	186 			1982 				
	186 			1971 				
	186 			1969 				
	186 			1967 				
	186 			1966 				
	186 			1960 				
	186 			1958 				
	186 			1954 				
	186 			1950 				
	186 			1930 				
	186 			1927 				
	186 			1927 				
	186 			1925 				
	186 			1925 				
	186 			1920 				
	186 			1907 				
	186 			1906 				
	186 			1904 				
	186 			1903 				
	186 			1901 				
	186 			1901 				
	186 			1900 				
	186 			1900 				
	186 			1900 				
	186 			1899 				
	186 			1887 				
	186 			1885 				
	186 			1885 				
	186 			1885 				
	186 			1885 				
	186 			1875 				
	186 			1872 				
	186 			1863 				
	186 			1862 				
	186 			1855 				
	186 			1843 				
	186 			1843 				
	186 			1842 				
	186 			1842 				
	186 			1842 				
	186 			1842 				
	186 			1842 				
	186 			1842 				
	186 			1841 				
	186 			1836 				
	186 			1835 				
	186 			1834 				
	186 			1834 				
	186 			1833 				
	186 			1832 				
	186 			1830 				
	186 			1829 				
	186 			1823 				
	186 			1823 				
	186 			1815 				
	186 			1805 				
	186 			1805 				
	186 			1805 				
	186 			1805 				
	186 			1805 				
	186 			1799 				
	186 			1799 				
	186 			1797 				
	186 			1797 				
	186 			1797 				
	186 			1796 				
	186 			1796 				
	186 			1796 				
	186 			1796 				
	186 			1796 				
	186 			1796 				
	186 			1792 				
	186 			1789 				
	186 			1789 				
	186 			1788 				
	186 			1788 				
	186 			1788 				
	186 			1788 				
	186 			1788 				
	186 			1788 				
	186 			1786 				
	186 			1776 				
	186 			1773 				
	186 			1773 				
	186 			1773 				
	186 			1773 				
	186 			1768 				
	186 			1764 				
	186 			1755 				
	186 			1753 				
	186 			1745 				
	186 			1742 				
	186 			1742 				
	186 			1742 				
	186 			1742 				
	186 			1741 				
	186 			1741 				
	186 			1741 				
	186 			1741 				
	186 			1741 				
	186 			1741 				
	186 			1741 				
	186 			1741 				
	186 			1741 				
	186 			1741 				
	186 			1741 				
	186 			1741 				
	186 			1741 				
	186 			1741 				
	186 			1741 				
	186 			1740 				
	186 			1740 				
	186 			1740 				
	186 			1740 				
	186 			1740 				
	186 			1740 				
	186 			1740 				
	186 			1738 				
	186 			1738 				
	186 			1730 				
	186 			1725 				
	186 			1725 				
	186 			1723 				
	186 			1716 				
	186 			1709 				
	186 			1701 				
	186 			1698 				
	186 			1696 				
	186 			1692 				
	186 			1692 				
	186 			1692 				
	186 			1690 				
	186 			1689 				
	186 			1688 				
	186 			1688 				
	186 			1686 				
	186 			1678 				
	186 			1669 				
	186 			1669 				
	186 			1669 				
	186 			1665 				
	186 			1663 				
	186 			1663 				
	186 			1663 				
	186 			1660 				
	186 			1660 				
	186 			1660 				
	186 			1660 				
	186 			1660 				
	186 			1646 				
	186 			1644 				
	186 			1643 				
	186 			1643 				
	186 			1640 				
	186 			1640 				
	186 			1639 				
	186 			1635 				
	186 			1635 				
	186 			1629 				
	186 			1622 				
	186 			1615 				
	186 			1614 				
	186 			1612 				
	186 			1611 				
	186 			1608 				
	186 			1608 				
	186 			1608 				
	186 			1602 				
	186 			1596 				
	186 			1594 				
	186 			1588 				
	186 			1585 				
	186 			1585 				
	186 			1585 				
	186 			1581 				
	186 			1581 				
	186 			1577 				
	186 			1576 				
	186 			1566 				
	186 			1557 				
	186 			1545 				
	186 			1534 				
	186 			1529 				
	186 			1522 				
	186 			1519 				
	186 			1516 				
	186 			1509 				
	186 			1500 				
	186 			1498 				
	186 			1496 				
	186 			1496 				
	186 			1496 				
	186 			1496 				
	186 			1489 				
	186 			1487 				
	186 			1487 				
	186 			1485 				
	186 			1485 				
	186 			1484 				
	186 			1482 				
	186 			1476 				
	186 			1475 				
	186 			1458 				
	186 			1457 				
	186 			1456 				
	186 			1427 				
	186 			1426 				
	186 			1425 				
	186 			1425 				
	186 			1424 				
	186 			1423 				
	186 			1423 				
	186 			1423 				
	186 			1423 				
	186 			1423 				
	186 			1422 				
	186 			1422 				
	186 			1422 				
	186 			1421 				
	186 			1417 				
	186 			1410 				
	186 			1408 				
	186 			1399 				
	186 			1394 				
	186 			1390 				
	186 			1388 				
	186 			1388 				
	186 			1388 				
	186 			1388 				
	186 			1388 				
	186 			1388 				
	186 			1388 				
	186 			1388 				
	186 			1388 				
	186 			1388 				
	186 			1388 				
	186 			1388 				
	186 			1388 				
	186 			1388 				
	186 			1388 				
	186 			1388 				
	186 			1388 				
	186 			1388 				
	186 			1388 				
	186 			1388 				
	186 			1388 				
	186 			1388 				
	186 			1388 				
	186 			1388 				
	186 			1388 				
	186 			1385 				
	186 			1385 				
	186 			1385 				
	186 			1384 				
	186 			1378 				
	186 			1372 				
	186 			1371 				
	186 			1364 				
	186 			1363 				
	186 			1360 				
	186 			1357 				
	186 			1357 				
	186 			1350 				
	186 			1348 				
	186 			1340 				
	186 			1333 				
	186 			1328 				
	186 			1328 				
	186 			1328 				
	186 			1328 				
	186 			1328 				
	186 			1328 				
	186 			1328 				
	186 			1328 				
	186 			1324 				
	186 			1323 				
	186 			1315 				
	186 			1312 				
	186 			1312 				
	186 			1312 				
	186 			1312 				
	186 			1312 				
	186 			1312 				
	186 			1312 				
	186 			1312 				
	186 			1312 				
	186 			1312 				
	186 			1312 				
	186 			1312 				
	186 			1312 				
	186 			1312 				
	186 			1312 				
	186 			1312 				
	186 			1312 				
	186 			1312 				
	186 			1312 				
	186 			1312 				
	186 			1312 				
	186 			1312 				
	186 			1312 				
	186 			1312 				
	186 			1312 				
	186 			1312 				
	186 			1312 				
	186 			1312 				
	186 			1312 				
	186 			1312 				
	186 			1312 				
	186 			1312 				
	186 			1312 				
	186 			1312 				
	186 			1312 				
	186 			1312 				
	186 			1312 				
	186 			1312 				
	186 			1312 				
	186 			1312 				
	186 			1312 				
	186 			1312 				
	186 			1312 				
	186 			1312 				
	186 			1312 				
	186 			1312 				
	186 			1312 				
	186 			1312 				
	186 			1312 				
	186 			1312 				
	186 			1312 				
	186 			1312 				
	186 			1312 				
	186 			1312 				
	186 			1312 				
	186 			1312 				
	186 			1312 				
	186 			1312 				
	186 			1312 				
	186 			1312 				
	186 			1312 				
	186 			1312 				
	186 			1312 				
	186 			1312 				
	186 			1312 				
	186 			1312 				
	186 			1312 				
	186 			1312 				
	186 			1312 				
	186 			1312 				
	186 			1312 				
	186 			1312 				
	186 			1312 				
	186 			1312 				
	186 			1312 				
	186 			1312 				
	186 			1312 				
	186 			1312 				
	186 			1312 				
	186 			1312 				
	186 			1312 				
	186 			1312 				
	186 			1312 				
	186 			1312 				
	186 			1312 				
	186 			1312 				
	186 			1312 				
	186 			1312 				
	186 			1312 				
	186 			1312 				
	186 			1312 				
	186 			1312 				
	186 			1312 				
	186 			1312 				
	186 			1312 				
	186 			1312 				
	186 			1312 				
	186 			1312 				
	186 			1312 				
	186 			1312 				
	186 			1312 				
	186 			1312 				
	186 			1312 				
	186 			1312 				
	186 			1312 				
	186 			1312 				
	186 			1312 				
	186 			1312 				
	186 			1312 				
	186 			1312 				
	186 			1312 				
	186 			1312 				
	186 			1312 				
	186 			1312 				
	186 			1312 				
	186 			1312 				
	186 			1312 				
	186 			1312 				
	186 			1312 				
	186 			1312 				
	186 			1312 				
	186 			1312 				
	186 			1312 				
	186 			1312 				
	186 			1312 				
	186 			1312 				
	186 			1312 				
	186 			1312 				
	186 			1312 				
	186 			1312 				
	186 			1312 				
	186 			1312 				
	186 			1312 				
	186 			1312 				
	186 			1312 				
	186 			1312 				
	186 			1312 				
	186 			1312 				
	186 			1312 				
	186 			1312 				
	186 			1312 				
	186 			1312 				
	186 			1312 				
	186 			1312 				
	186 			1312 				
	186 			1312 				
	186 			1312 				
	186 			1312 				
	186 			1312 				
	186 			1312 				
	186 			1312 				
	186 			1312 				
	186 			1312 				
	186 			1312 				
	186 			1312 				
	186 			1312 				
	186 			1312 				
	186 			1312 				
	186 			1312 				
	186 			1312 				
	186 			1312 				
	186 			1312 				
	186 			1312 				
	186 			1312 				
	186 			1312 				
	186 			1312 				
	186 			1312 				
	186 			1312 				
	186 			1312 				
	186 			1312 				
	186 			1312 				
	186 			1312 				
	186 			1312 				
	186 			1312 				
	186 			1312 				
	186 			1312 				
	186 			1312 				
	186 			1312 				
	186 			1312 				
	186 			1312 				
	186 			1312 				
	186 			1312 				
	186 			1312 				
	186 			1312 				
	186 			1312 				
	186 			1312 				
	186 			1312 				
	186 			1312 				
	186 			1312 				
	186 			1312 				
	186 			1312 				
	186 			1312 				
	186 			1312 				
	186 			1312 				
	186 			1312 				
	186 			1312 				
	186 			1312 				
	186 			1312 				
	186 			1312 				
	186 			1312 				
	186 			1312 				
	186 			1312 				
	186 			1312 				
	186 			1312 				
	186 			1312 				
	186 			1312 				
	186 			1312 				
	186 			1312 				
	186 			1312 				
	186 			1312 				
	186 			1312 				
	186 			1312 				
	186 			1312 				
	186 			1312 				
	186 			1312 				
	186 			1312 				
	186 			1312 				
	186 			1312 				
	186 			1312 				
	186 			1312 				
	186 			1312 				
	186 			1312 				
	186 			1312 				
	186 			1312 				
	186 			1312 				
	186 			1312 				
	186 			1312 				
	186 			1312 				
	186 			1312 				
	186 			1312 				
	186 			1312 				
	186 			1312 				
	186 			1312 				
	186 			1312 				
	186 			1312 				
	186 			1312 				
	186 			1312 				
	186 			1312 				
	186 			1312 				
	186 			1312 				
	186 			1312 				
	186 			1312 				
	186 			1312 				
	186 			1312 				
	186 			1312 				
	186 			1312 				
	186 			1312 				
	186 			1312 				
	186 			1312 				
	186 			1312 				
	186 			1312 				
	186 			1312 				
	186 			1312 				
	186 			1312 				
	186 			1312 				
	186 			1312 				
	186 			1312 				
	186 			1312 				
	186 			1312 				
	186 			1312 				
	186 			1312 				
	186 			1312 				
	186 			1312 				
	186 			1312 				
	186 			1312 				
	186 			1312 				
	186 			1312 				
	186 			1312 				
	186 			1312 				
	186 			1312 				
	186 			1312 				
	186 			1312 				
	186 			1312 				
	186 			1312 				
	186 			1312 				
	186 			1312 				
	186 			1312 				
	186 			1312 				
	186 			1312 				
	186 			1312 				
	186 			1312 				
	186 			1312 				
	186 			1312 				
	186 			1312 				
	186 			1312 				
	186 			1312 				
	186 			1312 				
	186 			1312 				
	186 			1312 				
	186 			1312 				
	186 			1312 				
	186 			1312 				
	186 			1312 				
	186 			1312 				
	186 			1312 				
	186 			1312 				
	186 			1312 				
	186 			1312 				
	186 			1312 				
	186 			1312 				
	186 			1312 				
	186 			1312 				
	186 			1312 				
	186 			1312 				
	186 			1312 				
	186 			1312 				
	186 			1312 				
	186 			1312 				
	186 			1312 				
	186 			1312 				
	186 			1312 				
	186 			1312 				
	186 			1312 				
	186 			1312 				
	186 			1312 				
	186 			1312 				
	186 			1312 				
	186 			1312 				
	186 			1312 				
	186 			1312 				
	186 			1312 				
	186 			1312 				
	186 			1312 				
	186 			1312 				
	186 			1312 				
	186 			1312 				
	186 			1312 				
	186 			1312 				
	186 			1312 				
	186 			1312 				
	186 			1312 				
	186 			1312 				
	186 			1312 				
	186 			1312 				
	186 			1312 				
	186 			1312 				
	186 			1312 				
	186 			1312 				
	186 			1312 				
	186 			1312 				
	186 			1312 				
	186 			1312 				
	186 			1312 				
	186 			1312 				
	186 			1312 				
	186 			1312 				
	186 			1312 				
	186 			1312 				
	186 			1312 				
	186 			1312 				
	186 			1312 				
	186 			1312 				
	186 			1312 				
	186 			1312 				
	186 			1312 				
	186 			1312 				
	186 			1312 				
	186 			1312 				
	186 			1312 				
	186 			1312 				
	186 			1312 				
	186 			1312 				
	186 			1312 				
	186 			1312 				
	186 			1312 				
	186 			1312 				
	186 			1312 				
	186 			1312 				
	186 			1312 				
	186 			1312 				
	186 			1312 				
	186 			1312 				
	186 			1312 				
	186 			1312 				
	186 			1312 				
	186 			1312 				
	186 			1312 				
	186 			1312 				
	186 			1312 				
	186 			1312 				
	186 			1312 				
	186 			1312 				
	186 			1312 				
	186 			1312 				
	186 			1312 				
	186 			1312 				
	186 			1312 				
	186 			1312 				
	186 			1312 				
	186 			1312 				
	186 			1312 				
	186 			1312 				
	186 			1312 				
	186 			1312 				
	186 			1312 				
	186 			1312 				
	186 			1312 				
	186 			1312 				
	186 			1312 				
	186 			1312 				
	186 			1312 				
	186 			1312 				
	186 			1312 				
	186 			1312 				
	186 			1312 				
	186 			1312 				
	186 			1312 				
	186 			1312 				
	186 			1312 				
	186 			1312 				
	186 			1312 				
	186 			1312 				
	186 			1312 				
	186 			1312 				
	186 			1312 				
	186 			1312 				
	186 			1312 				
	186 			1312 				
	186 			1312 				
	186 			1312 				
	186 			1312 				
	186 			1312 				
	186 			1312 				
	186 			1312 				
	186 			1312 				
	186 			1312 				
	186 			1312 				
	186 			1312 				
	186 			1312 				
	186 			1312 				
	186 			1312 				
	186 			1312 				
	186 			1312 				
	186 			1312 				
	186 			1312 				
	186 			1312 				
	186 			1312 				
	186 			1312 				
	186 			1312 				
	186 			1312 				
	186 			1312 				
	186 			1312 				
	186 			1312 				
	186 			1312 				
	186 			1312 				
	186 			1312 				
	186 			1312 				
	186 			1312 				
	186 			1312 				
	186 			1312 				
	186 			1312 				
	186 			1312 				
	186 			1312 				
	183 			1312 				
	183 			1312 				
	183 			1312 				
	183 			1312 				
	183 			1312 				
	183 			1312 				
	183 			1312 				
	183 			1312 				
	183 			1312 				
	183 			1312 				
	183 			1312 				
	183 			1312 				
	183 			1312 				
	183 			1312 				
	183 			1312 				
	183 			1312 				
	183 			1312 				
	183 			1312 				
	183 			1312 				
	183 			1312 				
	183 			1312 				
	183 			1312 				
	183 			1312 				
	183 			1312 				
	183 			1312 				
	183 			1312 				
	183 			1312 				
	183 			1312 				
	183 			1312 				
	183 			1312 				
	183 			1312 				
	183 			1312 				
	183 			1312 				
	183 			1312 				
	183 			1312 				
	183 			1312 				
	183 			1312 				
	183 			1312 				
	183 			1312 				
	183 			1312 				
	183 			1312 				
	183 			1312 				
	183 			1312 				
	183 			1312 				
	183 			1312 				
	183 			1312 				
	183 			1312 				
	183 			1312 				
	183 			1312 				
	183 			1312 				
	183 			1312 				
	183 			1312 				
	183 			1312 				
	183 			1312 				
	183 			1312 				
	183 			1312 				
	183 			1312 				
	183 			1312 				
	183 			1312 				
	183 			1312 				
	183 			1312 				
	183 			1312 				
	183 			1312 				
	183 			1312 				
	183 			1312 				
	183 			1312 				
	183 			1312 				
	183 			1312 				
	183 			1312 				
	183 			1312 				
	183 			1312 				
	183 			1312 				
	183 			1312 				
	183 			1312 				
	183 			1312 				
	183 			1312 				
	183 			1312 				
	183 			1312 				
	183 			1312 				
	183 			1312 				
	183 			1312 				
	183 			1312 				
	183 			1312 				
	183 			1312 				
	183 			1312 				
	183 			1312 				
	183 			1312 				
	183 			1312 				
	183 			1312 				
	183 			1312 				
	183 			1312 				
	183 			1312 				
	183 			1312 				
	183 			1312 				
	183 			1312 				
	183 			1312 				
	183 			1312 				
	183 			1312 				
	183 			1312 				
	183 			1312 				
	183 			1312 				
	183 			1312 				
	183 			1312 				
	183 			1312 				
	183 			1312 				
	183 			1312 				
	183 			1312 				
	183 			1312 				
	183 			1312 				
	183 			1312 				
	183 			1312 				
	183 			1312 				
	183 			1312 				
	183 			1312 				
	183 			1312 				
	183 			1312 				
	183 			1312 				
	183 			1312 				
	183 			1312 				
	183 			1312 				
	183 			1312 				
	183 			1312 				
	183 			1312 				
	183 			1312 				
	183 			1312 				
	183 			1312 				
	183 			1312 				
	183 			1312 				
	183 			1312 				
	183 			1312 				
	183 			1312 				
	183 			1312 				
	183 			1312 				
	183 			1312 				
	183 			1312 				
	183 			1312 				
	183 			1312 				
	183 			1312 				
	183 			1312 				
	183 			1312 				
	183 			1312 				
	183 			1312 				
	183 			1312 				
	183 			1312 				
	183 			1312 				
	183 			1312 				
	183 			1312 				
	183 			1312 				
	183 			1312 				
	183 			1312 				
	183 			1312 				
	183 			1312 				
	183 			1312 				
	183 			1312 				
	183 			1312 				
	183 			1312 				
	183 			1312 				
	183 			1312 				
	183 			1312 				
	183 			1312 				
	183 			1312 				
	183 			1312 				
	183 			1312 				
	183 			1312 				
	183 			1312 				
	183 			1312 				
	183 			1312 				
	183 			1312 				
	183 			1312 				
	183 			1312 				
	183 			1312 				
	183 			1312 				
	183 			1312 				
	183 			1312 				
	183 			1312 				
	183 			1312 				
	183 			1312 				
	183 			1312 				
	183 			1312 				
	183 			1312 				
	183 			1312 				
	183 			1312 				
	183 			1312 				
	183 			1312 				
	183 			1312 				
	183 			1312 				
	183 			1312 				
	183 			1312 				
	183 			1312 				
	183 			1312 				
	183 			1312 				
	183 			1312 				
	183 			1312 				
	183 			1312 				
	183 			1312 				
	183 			1312 				
	183 			1312 				
	183 			1312 				
	183 			1312 				
	183 			1312 				
	183 			1312 				
	183 			1312 				
	183 			1312 				
	183 			1312 				
	183 			1312 				
	183 			1312 				
	183 			1312 				
	183 			1312 				
	183 			1312 				
	183 			1312 				
	183 			1312 				
	183 			1312 				
	183 			1312 				
	183 			1312 				
	183 			1312 				
	183 			1312 				
	183 			1312 				
	183 			1312 				
	183 			1312 				
	183 			1312 				
	183 			1312 				
	183 			1312 				
	183 			1312 				
	183 			1312 				
	183 			1312 				
	183 			1312 				
	183 			1312 				
	183 			1312 				
	183 			1312 				
	183 			1312 				
	183 			1312 				
	183 			1312 				
	183 			1312 				
	183 			1312 				
	183 			1312 				
	183 			1312 				
	183 			1312 				
	183 			1312 				
	183 			1312 				
	183 			1312 				
	183 			1312 				
	183 			1312 				
	183 			1312 				
	183 			1312 				
	183 			1312 				
	183 			1312 				
	183 			1312 				
	183 			1312 				
	183 			1312 				
	183 			1312 				
	183 			1312 				
	183 			1312 				
	183 			1312 				
	183 			1312 				
	183 			1312 				
	183 			1312 				
	183 			1312 				
	183 			1312 				
	183 			1312 				
	183 			1312 				
	183 			1312 				
	183 			1312 				
	183 			1312 				
	183 			1312 				
	183 			1312 				
	183 			1312 				
	183 			1312 				
	183 			1312 				
	183 			1312 				
	183 			1312 				
	183 			1312 				
	183 			1312 				
	183 			1312 				
	183 			1312 				
	183 			1312 				
	183 			1312 				
	183 			1312 				
	183 			1312 				
	183 			1312 				
	183 			1312 				
	183 			1312 				
	183 			1312 				
	183 			1312 				
	183 			1312 				
	183 			1312 				
	183 			1312 				
	183 			1312 				
	183 			1312 				
	183 			1312 				
	183 			1312 				
	183 			1312 				
	183 			1312 				
	183 			1312 				
	183 			1312 				
	183 			1312 				
	183 			1312 				
	183 			1312 				
	183 			1312 				
	183 			1312 				
	183 			1312 				
	183 			1312 				
	183 			1312 				
	183 			1312 				
	183 			1312 				
	183 			1312 				
	183 			1312 				
	183 			1312 				
	183 			1312 				
	183 			1312 				
	183 			1312 				
	183 			1312 				
	183 			1312 				
	183 			1312 				
	183 			1312 				
	183 			1312 				
	183 			1312 				
	183 			1312 				
	183 			1312 				
	183 			1312 				
	183 			1312 				
	183 			1312 				
	183 			1312 				
	183 			1312 				
	183 			1312 				
	183 			1312 				
	183 			1312 				
	183 			1312 				
	183 			1312 				
	183 			1312 				
	183 			1312 				
	183 			1312 				
	183 			1312 				
	183 			1312 				
	183 			1312 				
	183 			1312 				
	183 			1312 				
	183 			1312 				
	183 			1312 				
	183 			1312 				
	183 			1312 				
	183 			1312 				
	183 			1312 				
	183 			1312 				
	183 			1312 				
	183 			1312 				
	183 			1312 				
	183 			1312 				
	183 			1312 				
	183 			1312 				
	183 			1312 				
	183 			1312 				
	183 			1312 				
	183 			1312 				
	183 			1312 				
	183 			1312 				
	183 			1312 				
	183 			1312 				
	183 			1312 				
	183 			1312 				
	183 			1312 				
	183 			1312 				
	183 			1312 				
	183 			1312 				
	183 			1312 				
	183 			1312 				
	183 			1312 				
	183 			1312 				
	183 			1312 				
	183 			1312 				
	183 			1312 				
	183 			1312 				
	183 			1312 				
	183 			1312 				
	183 			1312 				
	183 			1312 				
	183 			1312 				
	183 			1312 				
	183 			1312 				
	183 			1312 				
	183 			1312 				
	183 			1312 				
	183 			1312 				
	183 			1312 				
	183 			1312 				
	183 			1312 				
	183 			1312 				
	183 			1312 				
	183 			1312 				
	183 			1312 				
	183 			1312 				
	183 			1312 				
	183 			1312 				
	183 			1312 				
	183 			1312 				
	183 			1312 				
	183 			1312 				
	183 			1312 				
	183 			1312 				
	183 			1312 				
	183 			1312 				
	183 			1312 				
	183 			1312 				
	183 			1312 				
	183 			1312 				
	183 			1312 				
	183 			1312 				
	183 			1312 				
	183 			1312 				
	183 			1312 				
	183 			1312 				
	183 			1312 				
	183 			1312 				
	183 			1312 				
	183 			1312 				
	183 			1312 				
	183 			1312 				
	183 			1312 				
	183 			1312 				
	183 			1312 				
	183 			1312 				
	183 			1312 				
	183 			1312 				
	183 			1312 				
	183 			1312 				
	183 			1312 				
	183 			1312 				
	183 			1312 				
	183 			1312 				
	183 			1312 				
	183 			1312 				
	183 			1312 				
	183 			1312 				
	183 			1312 				
	183 			1312 				
	183 			1312 				
	183 			1312 				
	183 			1312 				
	183 			1312 				
	183 			1312 				
	183 			1312 				
	183 			1312 				
	183 			1312 				
	183 			1312 				
	183 			1312 				
	183 			1312 				
	183 			1312 				
	183 			1312 				
	183 			1312 				
	183 			1312 				
	183 			1312 				
	183 			1312 				
	183 			1312 				
	183 			1312 				
	183 			1312 				
	183 			1312 				
	183 			1312 				
	183 			1312 				
	183 			1312 				
	183 			1312 				
	183 			1312 				
	183 			1312 				
	183 			1312 				
	183 			1312 				
	183 			1312 				
	183 			1312 				
	183 			1312 				
	183 			1312 				
	183 			1312 				
	183 			1312 				
	183 			1312 				
	183 			1312 				
	183 			1312 				
	183 			1312 				
	183 			1312 				
	183 			1312 				
	183 			1312 				
	183 			1312 				
	183 			1312 				
	183 			1312 				
	183 			1312 				
	183 			1312 				
	183 			1312 				
	183 			1312 				
	183 			1312 				
	183 			1312 				
	183 			1312 				
	183 			1312 				
	183 			1312 				
	183 			1312 				
	183 			1312 				
	183 			1312 				
	183 			1312 				
	183 			1312 				
	183 			1312 				
	183 			1312 				
	183 			1312 				
	183 			1312 				
	183 			1312 				
	183 			1312 				
	183 			1312 				
	183 			1312 				
	183 			1312 				
	183 			1312 				
	183 			1312 				
	183 			1312 				
	183 			1312 				
	183 			1312 				
	183 			1312 				
	183 			1312 				
	183 			1312 				
	183 			1312 				
	183 			1312 				
	183 			1312 				
	183 			1312 				
	183 			1312 				
	183 			1312 				
	183 			1312 				
	183 			1312 				
	183 			1312 				
	183 			1312 				
	183 			1312 				
	183 			1312 				
	183 			1312 				
	183 			1312 				
	183 			1312 				
	183 			1312 				
	183 			1312 				
	183 			1312 				
	183 			1312 				
	183 			1312 				
	183 			1312 				
	183 			1312 				
	183 			1312 				
	183 			1312 				
	183 			1312 				
	183 			1312 				
	183 			1312 				
	183 			1312 				
	183 			1312 				
	183 			1312 				
	183 			1312 				
	183 			1312 				
	183 			1312 				
	183 			1312 				
	183 			1312 				
	183 			1312 				
	183 			1312 				
	183 			1312 				
	183 			1312 				
	183 			1312 				
	183 			1312 				
	183 			1312 				
	183 			1312 				
	183 			1312 				
	183 			1312 				
	183 			1312 				
	183 			1312 				
	183 			1312 				
	183 			1312 				
	183 			1312 				
	183 			1312 				
	183 			1312 				
	183 			1312 				
	183 			1312 				
	183 			1312 				
	183 			1312 				
	183 			1312 				
	183 			1312 				
	183 			1312 				
	183 			1312 				
	183 			1312 				
	183 			1312 				
	183 			1312 				
	183 			1312 				
	183 			1312 				
	183 			1312 				
	183 			1312 				
	183 			1312 				
	183 			1312 				
	183 			1312 				
	183 			1312 				
	183 			1312 				
	183 			1312 				
	183 			1312 				
	183 			1312 				
	183 			1312 				
	183 			1312 				
	183 			1312 				
	183 			1312 				
	183 			1312 				
	183 			1312 				
	183 			1312 				
	183 			1312 				
	183 			1312 				
	183 			1312 				
	183 			1312 				
	183 			1312 				
	183 			1312 				
	183 			1312 				
	183 			1312 				
	183 			1312 				
	183 			1312 				
	183 			1312 				
	183 			1312 				
	183 			1312 				
	183 			1312 				
	183 			1312 				
	183 			1312 				
	183 			1312 				
	183 			1312 				
	183 			1312 				
	183 			1312 				
	183 			1312 				
	183 			1312 				
	183 			1312 				
	183 			1304 				
	183 			1304 				
	183 			1296 				
	183 			1285 				
	183 			1280 				
	183 			1273 				
	183 			1272 				
	183 			1272 				
	183 			1271 				
	183 			1271 				
	183 			1269 				
	183 			1264 				
	183 			1263 				
	183 			1252 				
	183 			1247 				
	183 			1244 				
	183 			1241 				
	183 			1241 				
	183 			1239 				
	183 			1238 				
	183 			1236 				
	183 			1233 				
	183 			1233 				
	183 			1231 				
	183 			1230 				
	183 			1228 				
	183 			1228 				
	183 			1227 				
	183 			1223 				
	183 			1223 				
	183 			1223 				
	183 			1221 				
	183 			1221 				
	183 			1219 				
	183 			1214 				
	183 			1213 				
	183 			1210 				
	183 			1209 				
	183 			1206 				
	183 			1206 				
	183 			1206 				
	183 			1203 				
	183 			1199 				
	183 			1196 				
	183 			1194 				
	183 			1194 				
	183 			1193 				
	183 			1193 				
	183 			1193 				
	183 			1191 				
	183 			1190 				
	183 			1189 				
	183 			1186 				
	183 			1185 				
	183 			1181 				
	183 			1181 				
	183 			1168 				
	183 			1168 				
	183 			1164 				
	183 			1159 				
	183 			1158 				
	183 			1158 				
	183 			1158 				
	183 			1150 				
	183 			1148 				
	183 			1148 				
	183 			1148 				
	183 			1148 				
	183 			1148 				
	183 			1147 				
	183 			1147 				
	183 			1144 				
	183 			1142 				
	183 			1142 				
	183 			1142 				
	183 			1142 				
	183 			1142 				
	183 			1142 				
	183 			1142 				
	183 			1142 				
	183 			1142 				
	183 			1142 				
	183 			1142 				
	183 			1142 				
	183 			1142 				
	183 			1142 				
	183 			1142 				
	183 			1142 				
	183 			1142 				
	183 			1142 				
	183 			1142 				
	183 			1142 				
	183 			1142 				
	183 			1142 				
	183 			1142 				
	183 			1142 				
	183 			1142 				
	183 			1142 				
	183 			1142 				
	183 			1142 				
	183 			1142 				
	183 			1142 				
	183 			1142 				
	183 			1142 				
	183 			1142 				
	183 			1142 				
	183 			1142 				
	183 			1139 				
	183 			1139 				
	183 			1139 				
	183 			1139 				
	183 			1139 				
	183 			1139 				
	183 			1139 				
	183 			1139 				
	183 			1139 				
	183 			1139 				
	183 			1139 				
	183 			1139 				
	183 			1139 				
	183 			1139 				
	183 			1139 				
	183 			1139 				
	183 			1139 				
	183 			1139 				
	183 			1139 				
	183 			1139 				
	183 			1139 				
	183 			1139 				
	183 			1139 				
	183 			1139 				
	183 			1139 				
	183 			1139 				
	183 			1139 				
	183 			1139 				
	183 			1139 				
	183 			1139 				
	183 			1139 				
	183 			1139 				
	183 			1139 				
	183 			1139 				
	183 			1139 				
	183 			1136 				
	183 			1132 				
	183 			1124 				
	183 			1122 				
	183 			1122 				
	183 			1120 				
	183 			1115 				
	183 			1115 				
	183 			1115 				
	183 			1115 				
	183 			1115 				
	183 			1115 				
	183 			1114 				
	183 			1105 				
	183 			1105 				
	183 			1105 				
	183 			1101 				
	183 			1098 				
	183 			1096 				
	183 			1096 				
	183 			1093 				
	183 			1085 				
	183 			1085 				
	183 			1085 				
	183 			1085 				
	183 			1085 				
	183 			1084 				
	183 			1081 				
	183 			1081 				
	183 			1081 				
	183 			1081 				
	183 			1081 				
	183 			1081 				
	183 			1075 				
	183 			1065 				
	183 			1062 				
	183 			1057 				
	183 			1056 				
	183 			1055 				
	183 			1055 				
	183 			1055 				
	183 			1052 				
	183 			1052 				
	183 			1052 				
	183 			1052 				
	183 			1052 				
	183 			1051 				
	183 			1047 				
	183 			1044 				
	183 			1036 				
	183 			1033 				
	183 			1032 				
	183 			1032 				
	183 			1031 				
	183 			1027 				
	183 			1015 				
	183 			1013 				
	183 			1010 				
	183 			1004 				
	183 			1004 				
	183 			1003 				
	183 			998 				
	183 			997 				
	183 			996 				
	183 			992 				
	183 			992 				
	183 			991 				
	183 			990 				
	183 			989 				
	183 			979 				
	183 			979 				
	183 			979 				
	183 			978 				
	183 			975 				
	183 			975 				
	183 			975 				
	183 			975 				
	183 			975 				
	183 			975 				
	183 			975 				
	183 			972 				
	183 			972 				
	183 			972 				
	183 			972 				
	183 			967 				
	183 			961 				
	183 			957 				
	183 			952 				
	183 			947 				
	183 			946 				
	183 			941 				
	183 			940 				
	183 			940 				
	183 			935 				
	183 			933 				
	183 			932 				
	183 			925 				
	183 			924 				
	183 			918 				
	183 			917 				
	183 			917 				
	183 			911 				
	183 			910 				
	183 			905 				
	183 			905 				
	183 			905 				
	183 			903 				
	183 			903 				
	183 			900 				
	183 			900 				
	183 			900 				
	183 			900 				
	183 			899 				
	183 			899 				
	183 			898 				
	183 			898 				
	183 			898 				
	183 			898 				
	183 			897 				
	183 			897 				
	183 			897 				
	183 			894 				
	183 			893 				
	183 			891 				
	183 			891 				
	183 			891 				
	183 			890 				
	183 			890 				
	183 			890 				
	183 			890 				
	183 			890 				
	183 			886 				
	183 			886 				
	183 			885 				
	183 			885 				
	183 			885 				
	183 			885 				
	183 			883 				
	183 			883 				
	183 			882 				
	183 			880 				
	183 			877 				
	183 			877 				
	183 			877 				
	183 			877 				
	183 			877 				
	183 			877 				
	183 			874 				
	183 			874 				
	183 			872 				
	183 			872 				
	183 			872 				
	183 			872 				
	183 			871 				
	183 			870 				
	183 			868 				
	183 			868 				
	183 			868 				
	183 			868 				
	183 			868 				
	183 			868 				
	183 			868 				
	183 			868 				
	183 			868 				
	183 			868 				
	183 			868 				
	183 			868 				
	183 			868 				
	183 			868 				
	183 			868 				
	183 			868 				
	183 			868 				
	183 			868 				
	183 			868 				
	183 			868 				
	183 			868 				
	183 			868 				
	183 			868 				
	183 			868 				
	183 			868 				
	183 			868 				
	183 			868 				
	183 			868 				
	183 			868 				
	183 			868 				
	183 			868 				
	183 			868 				
	183 			868 				
	183 			868 				
	183 			868 				
	183 			868 				
	183 			868 				
	183 			868 				
	183 			868 				
	183 			868 				
	183 			868 				
	183 			868 				
	183 			868 				
	183 			868 				
	183 			868 				
	183 			868 				
	183 			868 				
	183 			868 				
	183 			868 				
	183 			868 				
	183 			868 				
	183 			868 				
	183 			868 				
	183 			868 				
	183 			868 				
	183 			868 				
	183 			868 				
	183 			868 				
	183 			868 				
	183 			868 				
	183 			868 				
	183 			868 				
	183 			868 				
	183 			868 				
	183 			868 				
	183 			868 				
	183 			868 				
	183 			868 				
	183 			868 				
	183 			868 				
	183 			868 				
	183 			868 				
	183 			868 				
	183 			868 				
	183 			868 				
	183 			868 				
	183 			868 				
	183 			868 				
	183 			868 				
	183 			865 				
	183 			865 				
	183 			865 				
	183 			865 				
	183 			865 				
	183 			865 				
	183 			865 				
	183 			865 				
	183 			865 				
	183 			865 				
	183 			862 				
	183 			857 				
	183 			855 				
	183 			855 				
	183 			847 				
	183 			840 				
	183 			840 				
	183 			839 				
	183 			839 				
	183 			836 				
	183 			834 				
	183 			834 				
	183 			829 				
	183 			829 				
	183 			829 				
	183 			829 				
	183 			829 				
	183 			826 				
	183 			824 				
	183 			823 				
	183 			823 				
	183 			823 				
	183 			823 				
	183 			821 				
	183 			821 				
	183 			820 				
	183 			819 				
	183 			817 				
	183 			815 				
	183 			812 				
	183 			812 				
	183 			812 				
	183 			812 				
	183 			812 				
	183 			812 				
	183 			812 				
	183 			812 				
	183 			812 				
	183 			812 				
	183 			812 				
	183 			812 				
	183 			812 				
	183 			812 				
	183 			812 				
	183 			812 				
	183 			812 				
	183 			812 				
	183 			811 				
	183 			808 				
	183 			808 				
	183 			803 				
	183 			801 				
	183 			799 				
	183 			799 				
	183 			799 				
	183 			799 				
	183 			798 				
	183 			798 				
	183 			798 				
	183 			798 				
	183 			798 				
	183 			798 				
	183 			798 				
	183 			798 				
	183 			798 				
	183 			796 				
	183 			795 				
	183 			795 				
	183 			795 				
	183 			795 				
	183 			794 				
	183 			794 				
	183 			794 				
	183 			794 				
	183 			794 				
	183 			794 				
	183 			794 				
	183 			794 				
	183 			794 				
	183 			794 				
	183 			794 				
	183 			794 				
	183 			794 				
	183 			792 				
	183 			791 				
	183 			791 				
	183 			791 				
	183 			791 				
	183 			790 				
	183 			790 				
	183 			790 				
	183 			790 				
	183 			790 				
	183 			788 				
	183 			782 				
	183 			781 				
	183 			781 				
	183 			781 				
	183 			781 				
	183 			780 				
	183 			780 				
	183 			780 				
	183 			780 				
	183 			778 				
	183 			778 				
	183 			778 				
	183 			775 				
	183 			775 				
	183 			775 				
	183 			773 				
	183 			772 				
	183 			765 				
	183 			763 				
	183 			763 				
	183 			761 				
	183 			759 				
	183 			759 				
	183 			759 				
	183 			754 				
	183 			752 				
	183 			752 				
	183 			751 				
	183 			750 				
	183 			748 				
	183 			748 				
	183 			748 				
	183 			748 				
	183 			748 				
	183 			743 				
	183 			742 				
	183 			741 				
	183 			741 				
	183 			739 				
	183 			738 				
	183 			738 				
	183 			738 				
	183 			731 				
	183 			731 				
	183 			731 				
	183 			731 				
	183 			731 				
	183 			731 				
	183 			731 				
	183 			730 				
	183 			730 				
	183 			730 				
	183 			730 				
	183 			729 				
	183 			729 				
	183 			729 				
	183 			724 				
	183 			724 				
	183 			724 				
	183 			724 				
	183 			724 				
	183 			724 				
	183 			724 				
	183 			724 				
	183 			724 				
	183 			724 				
	183 			723 				
	183 			723 				
	183 			723 				
	183 			722 				
	183 			722 				
	183 			721 				
	183 			717 				
	183 			717 				
	183 			713 				
	183 			713 				
	183 			713 				
	183 			713 				
	183 			713 				
	183 			713 				
	183 			711 				
	183 			711 				
	183 			711 				
	183 			711 				
	183 			711 				
	183 			711 				
	183 			711 				
	183 			711 				
	183 			711 				
	183 			711 				
	183 			711 				
	183 			706 				
	183 			706 				
	183 			705 				
	183 			705 				
	183 			705 				
	183 			704 				
	183 			703 				
	183 			703 				
	183 			699 				
	183 			699 				
	183 			697 				
	183 			697 				
	183 			697 				
	183 			697 				
	183 			697 				
	183 			697 				
	183 			697 				
	183 			696 				
	183 			696 				
	183 			696 				
	183 			696 				
	183 			696 				
	183 			696 				
	183 			696 				
	183 			696 				
	183 			696 				
	183 			696 				
	183 			696 				
	183 			696 				
	183 			696 				
	183 			696 				
	183 			696 				
	183 			696 				
	183 			696 				
	183 			696 				
	183 			696 				
	183 			696 				
	183 			696 				
	183 			696 				
	183 			696 				
	183 			696 				
	183 			696 				
	183 			696 				
	183 			696 				
	183 			696 				
	183 			696 				
	183 			696 				
	183 			696 				
	183 			696 				
	183 			696 				
	183 			696 				
	183 			696 				
	154 			696 				
	154 			696 				
	154 			696 				
	154 			696 				
	154 			696 				
	154 			696 				
	154 			696 				
	154 			696 				
	154 			696 				
	154 			696 				
	154 			696 				
	154 			696 				
	154 			696 				
	154 			696 				
	154 			696 				
	154 			696 				
	154 			696 				
	154 			696 				
	154 			696 				
	154 			696 				
	154 			696 				
	154 			696 				
	154 			696 				
	154 			696 				
	154 			696 				
	154 			696 				
	154 			696 				
	154 			696 				
	154 			696 				
	154 			696 				
	154 			696 				
	154 			696 				
	154 			696 				
	154 			696 				
	154 			696 				
	154 			696 				
	154 			696 				
	154 			696 				
	154 			696 				
	154 			696 				
	154 			696 				
	154 			696 				
	154 			696 				
	154 			696 				
	154 			696 				
	154 			696 				
	154 			696 				
	154 			696 				
	154 			696 				
	154 			696 				
	154 			696 				
	154 			696 				
	154 			696 				
	154 			696 				
	154 			696 				
	152 			696 				
	152 			696 				
	152 			696 				
	152 			696 				
	152 			696 				
	152 			696 				
	152 			696 				
	152 			696 				
	152 			696 				
	152 			696 				
	152 			696 				
	152 			696 				
	152 			696 				
	152 			694 				
	152 			694 				
	152 			694 				
	152 			694 				
	152 			694 				
	152 			694 				
	152 			694 				
	152 			693 				
	152 			693 				
	152 			693 				
	152 			692 				
	152 			691 				
	152 			691 				
	152 			691 				
	152 			690 				
	152 			690 				
	152 			688 				
	152 			688 				
	152 			688 				
	152 			687 				
	152 			683 				
	152 			683 				
	152 			681 				
	152 			675 				
	152 			675 				
	152 			675 				
	152 			674 				
	152 			674 				
	152 			674 				
	152 			670 				
	152 			668 				
	152 			660 				
	152 			660 				
	152 			660 				
	148 			660 				
	79 			660 				
	79 			655 				
	8 			655 				
				655 				
				654 				
				651 				
				651 				
				651 				
				646 				
				646 				
				646 				
				646 				
				646 				
				644 				
				644 				
				643 				
				643 				
				643 				
				643 				
				643 				
				643 				
				643 				
				643 				
				643 				
				643 				
				643 				
				643 				
				643 				
				643 				
				643 				
				643 				
				643 				
				643 				
				643 				
				643 				
				643 				
				643 				
				643 				
				643 				
				643 				
				643 				
				643 				
				643 				
				643 				
				643 				
				643 				
				643 				
				643 				
				643 				
				643 				
				643 				
				643 				
				643 				
				643 				
				643 				
				643 				
				642 				
				642 				
				642 				
				642 				
				642 				
				642 				
				642 				
				642 				
				642 				
				642 				
				642 				
				642 				
				642 				
				641 				
				639 				
				639 				
				634 				
				633 				
				633 				
				633 				
				631 				
				631 				
				629 				
				628 				
				627 				
				626 				
				626 				
				626 				
				626 				
				626 				
				626 				
				626 				
				626 				
				626 				
				626 				
				626 				
				626 				
				626 				
				626 				
				626 				
				625 				
				625 				
				625 				
				624 				
				624 				
				624 				
				614 				
				612 				
				612 				
				612 				
				612 				
				612 				
				612 				
				612 				
				612 				
				612 				
				612 				
				612 				
				611 				
				611 				
				611 				
				610 				
				609 				
				608 				
				608 				
				608 				
				608 				
				603 				
				603 				
				603 				
				600 				
				600 				
				599 				
				599 				
				599 				
				599 				
				598 				
				598 				
				598 				
				598 				
				597 				
				597 				
				597 				
				597 				
				597 				
				594 				
				594 				
				594 				
				594 				
				593 				
				593 				
				593 				
				593 				
				593 				
				593 				
				593 				
				593 				
				593 				
				591 				
				590 				
				590 				
				589 				
				589 				
				589 				
				589 				
				589 				
				589 				
				589 				
				589 				
				588 				
				587 				
				587 				
				585 				
				583 				
				582 				
				582 				
				582 				
				577 				
				572 				
				572 				
				572 				
				568 				
				568 				
				568 				
				568 				
				568 				
				568 				
				566 				
				564 				
				564 				
				564 				
				564 				
				563 				
				563 				
				562 				
				561 				
				561 				
				561 				
				561 				
				560 				
				560 				
				554 				
				554 				
				554 				
				548 				
				547 				
				546 				
				546 				
				546 				
				545 				
				544 				
				542 				
				542 				
				542 				
				542 				
				542 				
				542 				
				542 				
				542 				
				542 				
				542 				
				540 				
				539 				
				539 				
				538 				
				537 				
				537 				
				534 				
				529 				
				524 				
				523 				
				521 				
				521 				
				520 				
				520 				
				519 				
				517 				
				517 				
				517 				
				514 				
				514 				
				507 				
				505 				
				504 				
				504 				
				503 				
				500 				
				498 				
				496 				
				496 				
				496 				
				496 				
				495 				
				495 				
				495 				
				495 				
				495 				
				495 				
				495 				
				495 				
				495 				
				495 				
				495 				
				493 				
				491 				
				490 				
				490 				
				476 				
				476 				
				476 				
				476 				
				476 				
				476 				
				476 				
				474 				
				473 				
				464 				
				463 				
				461 				
				459 				
				457 				
				457 				
				451 				
				451 				
				451 				
				451 				
				451 				
				451 				
				450 				
				450 				
				448 				
				448 				
				448 				
				448 				
				448 				
				448 				
				447 				
				447 				
				443 				
				443 				
				443 				
				443 				
				443 				
				443 				
				443 				
				443 				
				442 				
				442 				
				442 				
				441 				
				441 				
				441 				
				441 				
				441 				
				441 				
				441 				
				441 				
				440 				
				440 				
				440 				
				440 				
				440 				
				440 				
				440 				
				440 				
				440 				
				440 				
				440 				
				440 				
				440 				
				440 				
				440 				
				439 				
				439 				
				439 				
				439 				
				439 				
				439 				
				438 				
				438 				
				438 				
				438 				
				438 				
				438 				
				438 				
				438 				
				438 				
				438 				
				438 				
				438 				
				438 				
				438 				
				438 				
				438 				
				438 				
				438 				
				438 				
				438 				
				438 				
				438 				
				437 				
				437 				
				435 				
				435 				
				435 				
				435 				
				435 				
				435 				
				435 				
				435 				
				434 				
				434 				
				434 				
				434 				
				434 				
				434 				
				434 				
				434 				
				434 				
				434 				
				434 				
				433 				
				432 				
				432 				
				432 				
				432 				
				432 				
				432 				
				432 				
				432 				
				431 				
				430 				
				430 				
				430 				
				429 				
				428 				
				427 				
				425 				
				425 				
				423 				
				419 				
				419 				
				419 				
				419 				
				419 				
				418 				
				418 				
				418 				
				415 				
				412 				
				412 				
				412 				
				412 				
				406 				
				400 				
				399 				
				397 				
				396 				
				396 				
				394 				
				394 				
				392 				
				386 				
				384 				
				384 				
				384 				
				383 				
				383 				
				383 				
				383 				
				383 				
				383 				
				383 				
				383 				
				383 				
				383 				
				383 				
				383 				
				383 				
				383 				
				383 				
				383 				
				383 				
				383 				
				383 				
				381 				
				369 				
				367 				
				362 				
				362 				
				362 				
				362 				
				361 				
				359 				
				358 				
				358 				
				358 				
				358 				
				358 				
				358 				
				358 				
				358 				
				358 				
				354 				
				350 				
				338 				
				337 				
				337 				
				337 				
				337 				
				337 				
				337 				
				337 				
				337 				
				337 				
				337 				
				336 				
				336 				
				336 				
				336 				
				335 				
				335 				
				332 				
				331 				
				331 				
				331 				
				331 				
				330 				
				329 				
				329 				
				329 				
				329 				
				329 				
				329 				
				328 				
				328 				
				328 				
				328 				
				328 				
				327 				
				327 				
				324 				
				324 				
				324 				
				324 				
				324 				
				324 				
				324 				
				324 				
				323 				
				323 				
				323 				
				323 				
				323 				
				323 				
				323 				
				322 				
				322 				
				322 				
				321 				
				319 				
				318 				
				318 				
				318 				
				318 				
				318 				
				318 				
				318 				
				318 				
				318 				
				318 				
				317 				
				317 				
				317 				
				316 				
				316 				
				315 				
				312 				
				312 				
				312 				
				312 				
				312 				
				312 				
				312 				
				312 				
				312 				
				312 				
				312 				
				312 				
				307 				
				307 				
				301 				
				300 				
				300 				
				296 				
				296 				
				291 				
				291 				
				291 				
				291 				
				287 				
				286 				
				285 				
				278 				
				278 				
				278 				
				274 				
				274 				
				274 				
				274 				
				270 				
				268 				
				267 				
				267 				
				267 				
				264 				
				264 				
				255 				
				255 				
				255 				
				254 				
				254 				
				254 				
				247 				
				244 				
				236 				
				235 				
				234 				
				233 				
				233 				
				233 				
				232 				
				230 				
				230 				
				230 				
				230 				
				227 				
				227 				
				227 				
				226 				
				221 				
				219 				
				219 				
				216 				
				216 				
				216 				
				216 				
				216 				
				210 				
				209 				
				209 				
				209 				
				209 				
				209 				
				206 				
				206 				
				206 				
				206 				
				204 				
				204 				
				204 				
				201 				
				198 				
				196 				
				196 				
				193 				
				188 				
				183 				
				182 				
				181 				
				180 				
				179 				
				176 				
				176 				
				176 				
				170 				
				170 				
				170 				
				170 				
				170 				
				169 				
				156 				
				156 				
				155 				
				155 				
				154 				
				154 				
				154 				
				154 				
				152 				
				150 				
				149 				
				149 				
				149 				
				149 				
				149 				
				149 				
				149 				
				149 				
				147 				
				140 				
				140 				
				140 				
				140 				
				140 				
				140 				
				140 				
				140 				
				140 				
				140 				
				140 				
				140 				
				140 				
				140 				
				140 				
				140 				
				134 				
				134 				
				134 				
				134 				
				134 				
				134 				
				127 				
				122 				
				122 				
				122 				
				111 				
				108 				
				108 				
				108 				
				108 				
				108 				
				108 				
				108 				
				108 				
				108 				
				108 				
				106 				
				106 				
				106 				
				106 				
				106 				
				106 				
				106 				
				106 				
				106 				
				106 				
				106 				
				106 				
				106 				
				106 				
				106 				
				106 				
				106 				
				106 				
				106 				
				106 				
				106 				
				106 				
				106 				
				106 				
				106 				
				106 				
				106 				
				106 				
				106 				
				106 				
				106 				
				106 				
				106 				
				106 				
				106 				
				106 				
				106 				
				106 				
				106 				
				106 				
				106 				
				106 				
				106 				
				106 				
				106 				
				106 				
				106 				
				106 				
				106 				
				106 				
				106 				
				106 				
				106 				
				106 				
				106 				
				106 				
				106 				
				106 				
				106 				
				106 				
				106 				
				106 				
				106 				
				103 				
				103 				
				103 				
				103 				
				103 				
				103 				
				103 				
				103 				
				103 				
				103 				
				103 				
				103 				
				103 				
				103 				
				103 				
				103 				
				103 				
				103 				
				103 				
				103 				
				103 				
				103 				
				103 				
				103 				
				103 				
				103 				
				103 				
				103 				
				103 				
				103 				
				103 				
				103 				
				103 				
				103 				
				103 				
				103 				
				103 				
				103 				
				103 				
				103 				
				103 				
				103 				
				103 				
				103 				
				103 				
				103 				
				103 				
				103 				
				103 				
				103 				
				103 				
				103 				
				103 				
				103 				
				103 				
				103 				
				103 				
				103 				
				103 				
				103 				
				103 				
				103 				
				103 				
				103 				
				103 				
				103 				
				103 				
				103 				
				103 				
				103 				
				103 				
				103 				
				103 				
				103 				
				103 				
				103 				
				103 				
				103 				
				103 				
				103 				
				103 				
				103 				
				103 				
				103 				
				103 				
				103 				
				103 				
				103 				
				103 				
				103 				
				103 				
				103 				
				103 				
				103 				
				103 				
				103 				
				103 				
				103 				
				103 				
				103 				
				103 				
				103 				
				103 				
				103 				
				103 				
				103 				
				103 				
				103 				
				103 				
				103 				
				103 				
				103 				
				103 				
				103 				
				103 				
				103 				
				103 				
				103 				
				103 				
				103 				
				103 				
				103 				
				103 				
				103 				
				103 				
				103 				
				103 				
				103 				
				103 				
				103 				
				103 				
				103 				
				103 				
				103 				
				103 				
				103 				
				103 				
				103 				
				103 				
				103 				
				103 				
				103 				
				103 				
				103 				
				103 				
				103 				
				103 				
				103 				
				103 				
				103 				
				103 				
				103 				
				103 				
				103 				
				103 				
				103 				
				103 				
				103 				
				103 				
				103 				
				103 				
				103 				
				103 				
				103 				
				103 				
				103 				
				103 				
				103 				
				103 				
				103 				
				103 				
				103 				
				103 				
				103 				
				103 				
				103 				
				103 				
				103 				
				103 				
				103 				
				103 				
				103 				
				103 				
				103 				
				103 				
				103 				
				103 				
				103 				
				103 				
				103 				
				103 				
				103 				
				103 				
				103 				
				103 				
				103 				
				103 				
				103 				
				103 				
				103 				
				103 				
				103 				
				103 				
				103 				
				103 				
				103 				
				103 				
				103 				
				103 				
				103 				
				103 				
				103 				
				103 				
				103 				
				103 				
				103 				
				103 				
				103 				
				103 				
				103 				
				103 				
				103 				
				103 				
				103 				
				103 				
				103 				
				103 				
				103 				
				103 				
				103 				
				103 				
				103 				
				103 				
				103 				
				103 				
				103 				
				103 				
				103 				
				103 				
				103 				
				103 				
				103 				
				103 				
				103 				
				103 				
				103 				
				103 				
				103 				
				103 				
				103 				
				103 				
				103 				
				103 				
				103 				
				103 				
				103 				
				103 				
				103 				
				103 				
				103 				
				103 				
				103 				
				97 				
				90 				
				86 				
				86 				
				84 				
				84 				
				80 				
				76 				
				76 				
				76 				
				76 				
				76 				
				76 				
				76 				
				76 				
				76 				
				76 				
				76 				
				76 				
				76 				
				76 				
				76 				
				76 				
				76 				
				76 				
				76 				
				76 				
				76 				
				76 				
				76 				
				76 				
				76 				
				76 				
				76 				
				76 				
				76 				
				76 				
				76 				
				76 				
				76 				
				76 				
				76 				
				76 				
				76 				
				76 				
				76 				
				76 				
				76 				
				76 				
				76 				
				76 				
				76 				
				76 				
				76 				
				76 				
				76 				
				76 				
				76 				
				76 				
				76 				
				76 				
				76 				
				76 				
				76 				
				76 				
				76 				
				76 				
				73 				
				73 				
				73 				
				73 				
				73 				
				73 				
				73 				
				73 				
				73 				
				73 				
				73 				
				73 				
				73 				
				73 				
				73 				
				73 				
				73 				
				73 				
				73 				
				73 				
				73 				
				73 				
				73 				
				73 				
				73 				
				73 				
				73 				
				73 				
				73 				
				73 				
				73 				
				73 				
				73 				
				73 				
				73 				
				73 				
				73 				
				73 				
				73 				
				73 				
				73 				
				73 				
				73 				
				73 				
				73 				
				73 				
				73 				
				73 				
				73 				
				73 				
				73 				
				73 				
				73 				
				73 				
				73 				
				73 				
				73 				
				73 				
				73 				
				73 				
				73 				
				73 				
				73 				
				73 				
				73 				
				73 				
				73 				
				73 				
				73 				
				73 				
				73 				
				73 				
				73 				
				73 				
				73 				
				73 				
				73 				
				73 				
				73 				
				73 				
				73 				
				73 				
				73 				
				73 				
				73 				
				73 				
				73 				
				73 				
				73 				
				73 				
				73 				
				73 				
				73 				
				73 				
				73 				
				73 				
				73 				
				73 				
				73 				
				73 				
				73 				
				73 				
				73 				
				73 				
				73 				
				73 				
				73 				
				73 				
				73 				
				73 				
				73 				
				73 				
				73 				
				73 				
				73 				
				73 				
				73 				
				73 				
				66 				
				64 				
				62 				
				60 				
				60 				
				58 				
				57 				
				57 				
				55 				
				54 				
				53 				
				53 				
				52 				
				52 				
				52 				
				52 				
				52 				
				52 				
				52 				
				52 				
				52 				
				52 				
				52 				
				52 				
				52 				
				52 				
				52 				
				52 				
				52 				
				52 				
				52 				
				52 				
				52 				
				52 				
				50 				
				49 				
				49 				
				49 				
				49 				
				49 				
				49 				
				49 				
				49 				
				49 				
				48 				
				48 				
				48 				
				48 				
				48 				
				48 				
				48 				
				48 				
				48 				
				48 				
				48 				
				48 				
				48 				
				48 				
				48 				
				48 				
				48 				
				48 				
				48 				
				48 				
				48 				
				48 				
				48 				
				48 				
				47 				
				47 				
				47 				
				47 				
				47 				
				47 				
				47 				
				47 				
				47 				
				47 				
				47 				
				47 				
				47 				
				47 				
				46 				
				46 				
				46 				
				46 				
				46 				
				46 				
				46 				
				46 				
				46 				
				46 				
				46 				
				46 				
				46 				
				46 				
				46 				
				45 				
				45 				
				44 				
				44 				
				44 				
				44 				
				44 				
				44 				
				44 				
				44 				
				44 				
				44 				
				44 				
				44 				
				44 				
				44 				
				44 				
				44 				
				44 				
				44 				
				44 				
				44 				
				44 				
				44 				
				43 				
				43 				
				43 				
				43 				
				43 				
				43 				
				43 				
				43 				
				43 				
				43 				
				43 				
				43 				
				43 				
				43 				
				43 				
				42 				
				42 				
				42 				
				42 				
				42 				
				42 				
				42 				
				42 				
				42 				
				41 				
				41 				
				41 				
				41 				
				41 				
				41 				
				41 				
				41 				
				41 				
				41 				
				40 				
				40 				
				40 				
				40 				
				40 				
				39 				
				39 				
				39 				
				39 				
				39 				
				39 				
				39 				
				39 				
				39 				
				39 				
				39 				
				39 				
				39 				
				39 				
				38 				
				38 				
				38 				
				38 				
				38 				
				38 				
				37 				
				37 				
				37 				
				37 				
				37 				
				37 				
				37 				
				37 				
				37 				
				37 				
				37 				
				37 				
				37 				
				37 				
				37 				
				37 				
				37 				
				37 				
				37 				
				37 				
				37 				
				37 				
				37 				
				37 				
				37 				
				37 				
				37 				
				37 				
				37 				
				36 				
				36 				
				36 				
				36 				
				36 				
				36 				
				36 				
				36 				
				36 				
				36 				
				36 				
				36 				
				36 				
				36 				
				36 				
				36 				
				36 				
				35 				
				35 				
				35 				
				35 				
				35 				
				35 				
				35 				
				35 				
				35 				
				35 				
				35 				
				35 				
				35 				
				35 				
				35 				
				35 				
				35 				
				35 				
				35 				
				35 				
				35 				
				35 				
				34 				
				34 				
				34 				
				34 				
				34 				
				34 				
				34 				
				34 				
				34 				
				34 				
				34 				
				34 				
				34 				
				34 				
				34 				
				34 				
				34 				
				34 				
				34 				
				34 				
				34 				
				34 				
				34 				
				34 				
				34 				
				34 				
				34 				
				33 				
				33 				
				33 				
				33 				
				33 				
				33 				
				33 				
				33 				
				33 				
				33 				
				33 				
				33 				
				33 				
				33 				
				33 				
				33 				
				33 				
				33 				
				33 				
				33 				
				33 				
				33 				
				33 				
				33 				
				33 				
				33 				
				33 				
				33 				
				33 				
				33 				
				33 				
				33 				
				33 				
				33 				
				33 				
				33 				
				33 				
				33 				
				33 				
				33 				
				33 				
				33 				
				33 				
				33 				
				33 				
				33 				
				33 				
				33 				
				33 				
				33 				
				33 				
				33 				
				33 				
				32 				
				32 				
				32 				
				32 				
				32 				
				32 				
				32 				
				32 				
				31 				
				31 				
				31 				
				31 				
				31 				
				31 				
				31 				
				31 				
				31 				
				31 				
				31 				
				31 				
				31 				
				31 				
				30 				
				29 				
				29 				
				29 				
				28 				
				28 				
				27 				
				26 				
				26 				
				26 				
				26 				
				26 				
				26 				
				26 				
				26 				
				26 				
				26 				
				26 				
				26 				
				26 				
				26 				
				26 				
				26 				
				26 				
				26 				
				26 				
				25 				
				24 				
				20 				
				20 				
				16 				
				8 				
				8 				
				1 				
				1 				
